0.9440942960794431 0.5653982920827583
0.9442842907240809 0.5622256179794701
0.9444727967218742 0.5590751998049428
0.9446516479043643 0.5549844723937652
0.9448360279490899 0.5518960336326942
0.9450189804413565 0.5488289706066358
0.9452005197019381 0.5457830783913378
0.9453668155351329 0.5418771201601008
0.9455444507007409 0.5388899852268699
0.9457207295072154 0.5359231997593691
0.9458956653096962 0.5329765721985669
0.9460500980514166 0.5292452209928761
0.9462213360664948 0.5263543473573914
0.9463912840906292 0.5234828642348478
0.9465599545947655 0.5206305923382629
0.9467273598902001 0.5177973545817396
0.9468683313144649 0.5142650753134962
0.9470322680885845 0.5114842478202184
0.9471949884817442 0.5087217456954181
0.9473565040073646 0.5059774029639914
0.9474869699659447 0.5025997324870063
0.9476451936209385 0.4999052155353715
0.9478022580480147 0.4972281940414029
0.9479581740274942 0.4945685122652384
0.9480786814246818 0.49133735815181595
0.9482314704632795 0.4887250840168197
0.9483831537647569 0.4861295269637587
0.9485337414348514 0.4835505406947428
0.9486447996448475 0.4804583480782304
0.948792414540988 0.4779245044460057
0.9489389738210777 0.47540664705735103
0.949084486969223 0.4729046383364369
0.9491865709477554 0.4699443465517532
0.9493292555916488 0.4674853566281064
0.9494709316355878 0.4650416660184155
0.9496116079900463 0.4626131452145188
0.9497512934612632 0.46019966616384617
0.9498431440892174 0.45739065300167475
0.9499801626464135 0.45501781045235273
0.9501162251352258 0.4526594988610366
0.9502513398396564 0.4503155975409393
0.9503351575115474 0.4476244515095613
0.9504677304591761 0.445319336352085
0.9505993883521627 0.44302815036790694
0.9507301389912033 0.44075077970207605
0.9508063060227527 0.4381717763912386
0.9509346324226213 0.435931451329886
0.9510620823689294 0.43370448802847184
0.9511886632145381 0.43149077897619625
0.9512575376331205 0.4290185460688476
0.9513818046930622 0.42684024379479985
0.9515052316652595 0.4246747677799702
0.9516278254870993 0.4225220164116522
0.9516897428917312 0.4201515073966971
0.9518101268414625 0.41803261836256606
0.9519297049958627 0.41592604975058695
0.9520484839064127 0.4138317054376047
0.952166470054076 0.4117494902961008
0.9522204260505953 0.40949623686741654
0.9523363195123766 0.40744614029504167
0.9524514457383694 0.4054077949031927
0.952565810855566 0.40338111061209897
0.9526134809441811 0.40121946441700956
0.9527258445248705 0.39922353897272655
0.9528374711124519 0.39723891696091246
0.9529483665043292 0.3952655130109045
0.9529900250850898 0.3931913199945488
0.9530990049391244 0.39124738998360015
0.9532072763992981 0.3893143393202884
0.9533148449558012 0.38739208703162625
0.9533507501754732 0.385401431167115
0.9534564844018036 0.3835074376306419
0.9535615373019886 0.3816239214501795
0.9536659140795627 0.37975080576366044
0.9537696198854627 0.3778880144575021
0.9537989281820662 0.37599398542468393
0.9539008916889521 0.37415807435392845
0.9540022044444817 0.37233218627967474
0.9541028713352729 0.3705162488873593
0.9541269458150039 0.368697858488775
0.9542259421933291 0.366907723581884
0.9543243118748315 0.3651272532451171
0.9544220594989614 0.3633563787225913
0.9544411135295523 0.3616103689556121
0.9545372586009295 0.35986427518134984
0.9546327997990464 0.35812750541066196
0.9547277415320018 0.3563999942242479
0.9547419764810865 0.35472328408369286
0.954835380046571 0.35301958431535735
0.9549282014104672 0.35132488472461515
0.9550204447641276 0.3496391230232805
0.9550300508067783 0.348028796846197
0.9551208170364822 0.3463659263093717
0.9552110216573931 0.34471174782935443
0.9553006686576158 0.34306620205879385
0.9553897619877878 0.34142923018810023
0.9553940533126271 0.33989596990957044
0.9554817390779556 0.33828083972986317
0.9555688866132416 0.3366740516496949
0.9556554996806413 0.33507554959203245
0.955655547573169 0.33360275255809135
0.9557408074937452 0.33202526944367067
0.9558255476375412 0.33045585151288565
0.9559097715896361 0.3288944452598463
0.9559057350618531 0.32747965750997715
0.9559886575747039 0.32593848746041215
0.9560710778836419 0.3244051185596229
0.9561529994072462 0.32287949972290647
0.9562344255333192 0.32136158030943
0.9562256982865527 0.32001426485603146
0.9563058820767032 0.3185156863181067
0.9563855836701559 0.31702460821700057
0.9564648062998249 0.31554098216835047
0.9564523182309066 0.3142466739216381
0.9565303448339156 0.3127816858450195
0.9566079050594887 0.31132395987188594
0.9566850019946473 0.30987344974629144
0.9566688868872392 0.30863007018039945
0.9567448318880438 0.30719752800182265
0.9568203256062339 0.30577202024275335
0.9568953709913082 0.30435350265634825
0.9568757557649776 0.3031590756778108
0.9569496912226307 0.3017578869833196
0.957023189809842 0.30036351507323455
0.957096254346381 0.29897591759854986
0.9571688876279597 0.29759505255925844
0.9571452541262094 0.2964576849964642
0.9572168256771872 0.29509341518984333
0.9572879768234568 0.2937357134664927
0.9573587102395927 0.2923845396015106
0.9573318361721854 0.29129207799678386
0.9574015456884335 0.28995692243692345
0.9574708478452196 0.2886281374776905
0.9575397452026659 0.28730568457351424
0.9575097381304231 0.28625644239821835
0.9575776476957288 0.2849494565694449
0.9576451623794562 0.2836486522464763
0.9577122846335152 0.2823539924735216
0.9577790168896994 0.2810654405878056
0.9577454157601121 0.28006664302839923
0.9578112017642769 0.2787929237255673
0.957876607178049 0.27752516932144383
0.9579416343319127 0.2762633446439608
0.9579051209315288 0.275304301530235
0.9579692344773599 0.27405680994895554
0.9580329787703872 0.2728151110528606
0.95809635604517 0.27157917108307783
0.9580570219764143 0.2706584354077863
0.9581195168535928 0.26943635051467946
0.9581816533407157 0.2682198931415029
0.9582434335814567 0.2670090308699258
0.9583048597025555 0.26580373152923165
0.9582622937551035 0.2649277567513603
0.9583228734762759 0.2637357608950588
0.9583831072779327 0.2625492029307447
0.9584429972015188 0.2613680519476422
0.9583977991973233 0.26052740251720535
0.958456871039068 0.2593591203738961
0.9585156068664 0.25819612518992274
0.9585740086398402 0.2570383872512387
0.958526256934408 0.2562318155845206
0.9585838677435338 0.2550865298865401
0.9586411520433641 0.25394638617482906
0.9586981117175979 0.2528113558726837
0.958754748635588 0.2516814106139186
0.9587040756972127 0.2509146920196278
0.9587599530036307 0.24979671714722004
0.9588155147370403 0.24868371745431722
0.9588707626945348 0.24757566564602557
0.9588176979071069 0.2468404461635616
0.9588722109401224 0.24574398472310097
0.9589264170959546 0.24465236556088152
0.9589803181030112 0.24356556240138147
0.9589249287542613 0.24286076149826596
0.9589781185123868 0.24178518394602497
0.9590310097501857 0.24071432083913127
0.959083604130743 0.23964814687255545
0.9591359033049196 0.23858663692126225
0.9590778602860549 0.23791743178166203
0.9591294756475353 0.2368667245926842
0.9591808021242336 0.23582058445882367
0.9592318413054365 0.23477898717103957
0.9591716131453294 0.2341379610040538
0.9592219901350814 0.23310683274300475
0.959272085908988 0.23208015400084736
0.9593219019977077 0.23105790144160923
0.9593714399209092 0.23004005189146914
0.9593087213417958 0.22943201014971765
0.9593576221673914 0.2284242421696502
0.9594062506320018 0.22742078800271942
0.9594546081999563 0.2264216253002347
0.9593898305381929 0.22583972526555612
0.9594375707939392 0.22485033818558223
0.9594850457404315 0.22386515664173814
0.9595322567892444 0.22288415907265668
0.9594654724745928 0.22232754510317507
0.9595120852293908 0.22135602884485425
0.9595584394670469 0.22038861374911772
0.9596045365488237 0.21942527900620784
0.9596503778265347 0.21846600394621665
0.959581312775284 0.21793899383295312
0.9596265778785706 0.21698885768682932
0.9596715923225871 0.2160427019625299
0.9597163574115666 0.21510050670178826
0.9596453948901456 0.2145970013058153
0.9596896012570754 0.21366367442095008
0.9597335632274688 0.21273423155076143
0.9597772820601317 0.2118086534170401
0.9598207590053274 0.21088692086827965
0.9597476443758213 0.21041093340099096
0.959790582926026 0.2094977540543112
0.959833284334654 0.20858834705300505
0.9598757498089548 0.20768269389022695
0.9598008367593708 0.2072285836698647
0.9598427798835141 0.20633123458522123
0.95988449165107 0.2054375686430092
0.9599259732281801 0.20454756795303572
0.9599672257732447 0.20366121474014506
0.959890277610464 0.20323271345142543
0.9599310265186021 0.20235437370096784
0.9599715507802599 0.20147961363812514
0.9600118515148678 0.20060841607296628
0.959933194891715 0.20020030272327027
0.9599730067661618 0.19933688882636671
0.9600125993470202 0.1984769719429566
0.9600519737164395 0.19762053544343702
0.9600911309495381 0.19676756280287155
0.9600105457562439 0.19638330849348487
0.9600492313863214 0.1955378511058587
0.9600877039394674 0.19469579473092244
0.9601259644554194 0.19385712337608943
0.9600437525871065 0.19349189201329653
0.9600815551319626 0.1926605236013453
0.9601191495611379 0.19183247945682128
0.9601565368804904 0.19100774409730706
0.9601937180894816 0.1901863021357964
0.960109674782756 0.18984332329532272
0.9601464139612805 0.18902893597076212
0.9601829507929575 0.18821778369033115
0.960219286245059 0.18740985155223225
0.9601336906814477 0.18708464275037726
0.9601695966993129 0.18628356878498828
0.9602053049758877 0.18548565851307774
0.960240816447595 0.18469089749824244
0.9602761320450252 0.1838992713912181
0.9601887936817781 0.18359483804790785
0.9602236945929139 0.18280984005815223
0.9602584031243645 0.18202792271286075
0.9602929201773807 0.1812490721058387
0.9602040973210546 0.180961257148424
0.9602382113452186 0.1801888525826035
0.960272137271578 0.17941946222837432
0.9603058759732389 0.17865307260487662
0.9603394283179784 0.17788967031098965
0.9602489436203366 0.17762127085910506
0.9602821066015796 0.17686410114515289
0.9603150864756044 0.1761098682289417
0.9603478840833934 0.1753585591146775
0.9602559766332583 0.17510571804140487
0.960288395682444 0.17436047251936818
0.9603206356111982 0.17361810185343543
0.9603526972347788 0.17287859343723413
0.9603845813635679 0.17214193473747497
0.9602910860704295 0.1719072553569396
0.9603226043215096 0.17117646190323954
0.9603539481040886 0.17044847104410496
0.9603851182040339 0.16972327061769532
0.9602902564356992 0.16950317270758575
0.9603210706871979 0.16878368046630865
0.9603517141874583 0.16806693298683784
0.9603821876987956 0.16735291846447614
0.960412491979056 0.16664162516162775
0.9603161100462443 0.16643853150043583
0.9603460702621286 0.16573276182807656
0.960375864069043 0.16502966937489807
0.9604054922023674 0.16432924274427504
0.9604349553932136 0.1636314706037032
0.9603370884975349 0.16344477995342988
0.9603662189505633 0.1627523539307714
0.9603951871790681 0.16206253999139256
0.9604239938927165 0.16137532712849434
0.9603248385609239 0.16120184796522158
0.9603533214982694 0.1605198406084747
0.9603816455559473 0.15984039319005386
0.9604098114230105 0.1591634950166247
0.9604378197845714 0.1584891354539422
0.9603372384855855 0.15833103426534417
0.9603649336184555 0.15766171470403653
0.9603924737854859 0.15699489407868414
0.9604198596521595 0.15633056205447016
0.9603180343991559 0.15618487469765524
0.9603451153842593 0.15552545154679617
0.960372044532777 0.15486847848754917
0.96039882249117 0.1542139454740333
0.9604254499022994 0.153561842514732
0.9603222526924741 0.15343058402115609
0.9603485850569723 0.15278323543187755
0.9603747692503012 0.15213827973285599
0.9604008058971858 0.15149570720882843
0.9604266956188956 0.150855508196625
0.9603221546736614 0.15073818383246584
0.9603477588187832 0.15010259032457784
0.9603732183310848 0.1494693344508227
0.960398533814494 0.1488384068124477
0.9602928107019756 0.14873237311837112
0.9603178481056877 0.14810593300390726
0.9603427437062346 0.1474817862722299
0.9603674980908409 0.14685992377952536
0.9603921118435386 0.1462403364301258
0.9602850921154568 0.14614739263033788
0.9603094366356439 0.14553215357549965
0.9603336426725677 0.14491915599697403
0.9603577107942686 0.14430839104332605
0.9603816415657367 0.14369984990924908
0.9602733499144213 0.1436195550409474
0.9602970199809662 0.14301522792041985
0.9603205547722051 0.14241309208720365
0.9603439548378091 0.14181313897007225
0.9602345345878207 0.14174313608316136
0.9602576807013764 0.1411472905282153
0.9602806941055453 0.14055359606188614
0.9603035753352249 0.13996204433887516
0.9603263249224918 0.13937262705659617
0.9602156738474883 0.13931452033407524
0.9602381774640006 0.13872908480240567
0.9602605513863448 0.13814575313217176
0.9602827961324384 0.1375645172374702
0.9603049122174924 0.13698536907339193
0.9601930519195986 0.13693876454405676
0.9602149297343134 0.13636347667670815
0.9602366807711221 0.13579024696502964
0.9602583055316626 0.1352190675719997
0.9602798045149755 0.13464993069995967
0.9601667555945742 0.13461444962431046
0.9601880237394133 0.13404905576450077
0.9602091679277909 0.13348567581344883
0.9602301886457294 0.13292430217303053
0.9601160727098228 0.13289792910547854
0.9601368684767302 0.13234020546728867
0.9601575425442873 0.13178446029562563
0.960178095385942 0.13123068618520745
0.9601985274727327 0.13067887576730003
0.9600832570130691 0.13066297940869123
0.9601034711208578 0.13011470885655294
0.960123566187178 0.12956837504454227
0.9601435426710002 0.12902397078914488
0.9601634010289803 0.1284814889419739
0.9600469940477794 0.1284757299136247
0.960066641161747 0.1279366814829308
0.9600861718079464 0.12739952936375964
0.960105586431446 0.12686426658568847
0.9601248854750919 0.12633088621206065
0.9600073591293982 0.12633493793436282
0.9600264534370532 0.12580488806077958
0.9600454337698592 0.12527669531633254
0.960064300559533 0.12475035293541985
0.9599457576619964 0.12476249584377155
0.9599644248731661 0.12423940231914887
0.9599829801039117 0.12371813453847122
0.9600014237751839 0.12319868590165996
0.9600197563058674 0.12268104984006986
0.9599001222348629 0.12270244579089855
0.9599182613058133 0.1221879617350818
0.9599362907496618 0.1216752663976751
0.9599542109749473 0.12116435336922748
0.9599720223882201 0.12065521627054288
0.9598513121004919 0.12068557184422597
0.9598689359716553 0.12017949303732897
0.9598864524970272 0.11967516703633244
0.9599038620732113 0.11917258761520251
0.9599211650948997 0.11867174857702915
0.9597993928290692 0.11871078116915931
0.9598165140334056 0.11821290971805873
0.959833530104064 0.11771675623057518
0.9598504414261679 0.11722231465721689
0.9598672483830027 0.11672957897653168
0.9597444276887643 0.11677701634076311
0.9597610583680166 0.11628716043055672
0.959777586059188 0.11579898867111292
0.9597940111363572 0.11531249518291087
0.9596702245458792 0.11536693734037635
0.9596864777376546 0.11488325392715493
0.9597026296578236 0.11440122758433946
0.9597186806715493 0.11392085256993328
0.9597346311422793 0.11344212316812587
0.959609818103889 0.11350450531668037
0.9596256019111713 0.11302850314061877
0.9596412864772614 0.11255412600730594
0.9596568721570224 0.11208136833341743
0.959672359303666 0.11161022456086425
0.959546531564904 0.11168030137277915
0.9595618571053289 0.1112118045526235
0.9595770853753969 0.11074490167123217
0.9595922167200523 0.11027958729818776
0.9596072514826471 0.10981585602741203
0.9594804202005467 0.10989339098581266
0.9594952982559625 0.1094322288693042
0.9595100809545143 0.10897263047713136
0.9595247686315902 0.10851459052628569
0.9595393616210424 0.10805810375723497
0.9594115373848532 0.1081428687977895
0.959425978414199 0.10768887576408061
0.9594403259449646 0.10723641709725364
0.9594545803033288 0.10678548765644563
0.9594687418139892 0.10633608232344093
0.9593399346667734 0.1064278574933346
0.9593539488183644 0.10598087276435697
0.9593678712764887 0.10553539387064007
0.9593817023584459 0.10509141580843545
0.9593954423801087 0.10464893359584942
0.9592656618392694 0.1047475067290766
0.959279258962523 0.10430737418938608
0.9592927661461991 0.10386871974939897
0.9593061836990356 0.10343153853766648
0.9593195119283944 0.10299582570383624
0.9591887670051957 0.10310099211193985
0.9592019566618266 0.10266756013659167
0.9592150580834053 0.10223557929298689
0.9592280715704123 0.10180504483736544
0.9592409974219986 0.10137595204634228
0.9591092966401337 0.10148751422375044
0.9591220881148461 0.10106063551379568
0.9591347930114484 0.10063518170798334
0.9591474116224514 0.10021114818583432
0.9591599442390841 0.09978853034654774
0.9590272956523397 0.09990629768973584
0.9590396979630468 0.0994858291149337
0.9590520153067007 0.09906675993097594
0.9590642479681226 0.0986490856364323
0.9590763962308942 0.09823280174889165
0.9589428074399641 0.09835659028862592
0.95895482934755 0.09794239273702404
0.9589667678548848 0.09752956975231317
0.958978623239364 0.09711811694806985
0.9589903957771866 0.09670802995624912
0.958855873945675 0.0968376621022261
0.958867523963334 0.0964296003362351
0.9588790921048452 0.09602288897863735
0.9588905786404336 0.0956175237541342
0.9589019838391676 0.09521350040519613
0.9587665357088292 0.09534880470242302
0.9587778221109955 0.09494674722107654
0.9587890281199102 0.0945460166321904
0.9588001539988715 0.09414660876787287
0.9588112000100593 0.09374851947741447
0.9586748319153121 0.09388933037372386
0.958685762746205 0.09349314928080668
0.9586966146269631 0.09309827218504985
0.9587073878141915 0.09270469502240153
0.9587180825634142 0.09231241374542636
0.9585808004451668 0.09245857136954042
0.9585913835269686 0.09206814224729702
0.9586018890633415 0.09167899482652192
0.9586123173044211 0.09129112514357944
0.9586226684992977 0.09090452925091286
0.9584844779181234 0.09105587920052334
0.9584947208588102 0.09067108098866958
0.9585048876216732 0.09028754276203939
0.9585149784505942 0.08990526065412863
0.9585249935884432 0.08952423081399596
0.9583858997371361 0.08968062395334708
0.9583958099379764 0.08930133883312634
0.9584056452927548 0.0889232925419926
0.958415406039305 0.0885464813074232
0.9584250924144818 0.088170901371958
0.958285100130025 0.08833219363844863
0.9582946847927648 0.08795830692148651
0.9583041959065663 0.08758563841903091
0.9583136337034126 0.0872141844495124
0.9583229984143402 0.08684394134594471
0.9581821121893179 0.0870099935652938
0.958191378323066 0.08664139358702336
0.9582005721715173 0.08627399173242468
0.9582096939609938 0.085907784407976
0.9582187439169021 0.0855427680342771
0.9580769679103802 0.0857134457438358
0.9580859223382096 0.0853500237612664
0.9580948057120099 0.08498778031818596
0.9581036182526255 0.08462671190632473
0.9581123601800138 0.08426681503109372
0.9579696982279177 0.08444198831088692
0.9579783475931944 0.08408363840452217
0.9579869271044014 0.08372644794369548
0.9579954369770802 0.08337041350270412
0.958003877425913 0.08301553166910407
0.9578603330509279 0.0831950749802271
0.9578686838233836 0.08284169395992261
0.9578769659114422 0.08248945376566665
0.9578851795255108 0.08213835105174212
0.9578933248751638 0.0817883824852824
0.9943120595778313 0.04327213663660327
0.9577569597777361 0.0816236618298806
0.9577649507152644 0.08127627181033203
0.9577728743141973 0.08093000118843433
0.9577807307791626 0.0805848467084327
0.9577885203139849 0.08024080512697006
0.9576432032506458 0.0804290278738906
0.9576509091489873 0.08008639047480616
0.9576585488159225 0.07974485483304095
0.9576661224512854 0.07940441776758125
0.9576736302541338 0.07906507610943053
0.9575274411124544 0.07925729192667681
0.9575348679270109 0.07891931204862038
0.9575422295900429 0.07858241671598842
0.9575495262967416 0.07824660282022108
0.9575567582415434 0.07791186726441889
0.9574096993386979 0.07810796733573154
0.9574168528740495 0.07777455225450422
0.9574239423113178 0.07744220492185833
0.9574309678411925 0.07711092229949403
0.9574379296536328 0.07678070136041919
0.9572900030381509 0.0769805805173471
0.9572968889529749 0.07665163980750579
0.9573037117975475 0.07632375045158184
0.9573104717581954 0.07599690947941715
0.9573171690205363 0.07567111393182785
0.993599580770443 0.0511742754580862
0.9571750002915159 0.07555011599161972
0.9571815620360862 0.07522659680198682
0.9571880618955239 0.07490411005734471
0.9571945000512371 0.07458265286429097
0.957200876683948 0.07426222234002819
0.957051210207872 0.07446953425311216
0.9570575162092706 0.07415029956192692
0.9570637613004178 0.0738320817528648
0.9570699456586377 0.07351487799635731
0.9570760694605905 0.07319868547312716
0.9569255412352874 0.07340945980979459
0.9569315967188232 0.07309442602421823
0.9569375922438123 0.07278039392239324
0.9569435279836184 0.07246736073670214
0.9569494041109597 0.07215532370952148
0.9567980151456345 0.07236946927551866
0.9568038252092664 0.07205855481269437
0.9568095762435901 0.07174862718875391
0.9568152684181253 0.07143968369622304
0.9568209019017653 0.07113172163733046
0.9930227421848478 0.05575152592738048
0.9566742225904047 0.07104227552367727
0.9566797340869031 0.07073637308508045
0.9566851876273359 0.07043144033434375
0.9566905833768845 0.07012747463181282
0.9566959215001256 0.06982447334721785
0.956542809058903 0.07004518838124946
0.9565480858516028 0.0697432337123961
0.9565533055709411 0.06944223461889301
0.9565584683784959 0.0691421885175295
0.9565635744352575 0.06884309283421153
0.9564096041190114 0.0690669039056952
0.9564146509268197 0.06876882141027492
0.9564196415235813 0.06847168069896575
0.9564245760673746 0.06817547924338509
0.9564294547157084 0.06788021452400998
0.992579413378963 0.05629645168399498
0.9562794480327311 0.06781275844000531
0.9562842140944772 0.06751940259018782
0.9562889249423882 0.06722697256998197
0.9562935807305897 0.06693546591288815
0.9562981816126558 0.06664488016098015
0.9561424952395488 0.06687467667971327
0.9561470412462881 0.06658503387185472
0.9561515328592228 0.06629630376875881
0.9561559702291939 0.0660084839554522
0.9561603535065046 0.06572157202529913
0.9560038099857636 0.06595421733092706
0.956008140313231 0.06566821739542476
0.9560124170483821 0.06538311733239455
0.9560166403388652 0.06509891477694936
0.9560208103318079 0.06481560737230628
0.9921456772072906 0.06266277943816068
0.9558675280184932 0.06476860500387939
0.9558715941324778 0.06448706669600526
0.9558756075821778 0.06420641339627721
0.9558795685116337 0.06392664279638083
0.95588347706438 0.06364775259585356
0.9557252204909691 0.06388585726148639
0.9557290801428542 0.06360781396866118
0.955732887893444 0.06333064345924835
0.955736643883777 0.0630543434720672
0.9557403482544011 0.06277891175357184
0.9908730268472892 0.02708123987390402
0.9555848905355678 0.0627450296747949
0.9555884966345859 0.06247127698167029
0.9555920517165227 0.06219838289881168
0.9555955559190222 0.06192634521830696
0.9917074272176778 0.06514674729450405
0.9554390402067495 0.06189839250508409
0.955442448610396 0.06162799410182427
0.9554458067238035 0.06135844265503463
0.955449114681792 0.06108973600119344
0.9554523726187194 0.06082187198397846
0.9915313376584588 0.062260822423009524
0.9552947580832098 0.06080048284195915
0.9552979230797745 0.060534212161144005
0.9553010386291452 0.060268774913630856
0.9553041048629455 0.06000416898609712
0.991407488108485 0.06872426196295603
0.955145438787019 0.059988438878413965
0.9551484144328308 0.05972538845112471
0.9551513413243246 0.05946316034032349
0.9551542195904638 0.05920175247453431
0.9551570493597766 0.058941162789072604
0.9549945039410433 0.05919156532002416
0.9549972939190913 0.05893167595234258
0.955000035820776 0.05867259802047781
0.9550027297724732 0.058414329493683664
0.9550053759001348 0.0581568683478289
0.9911072036672238 0.07098791648616189
0.9548445741753672 0.058152786273233795
0.9548471346750304 0.05789680083682648
0.9548496478856359 0.057641614194146935
0.9548521139306286 0.057387224360542194
0.9548545329330419 0.05713362935777558
0.9909324436376206 0.06723856365561266
0.9546926499590993 0.057135488612159675
0.9546949859243913 0.056883327630535274
0.9546972753685206 0.05663195310746726
0.9546995184120912 0.05638136310299346
0.9899897400223188 0.03524039075672943
0.9545365932724011 0.05638838791305608
0.9545387554128024 0.0561391975664276
0.9545408716629009 0.0558907835432067
0.9545429421409355 0.055643143940707684
0.9545449669647561 0.05539627686230844
0.9905676787907672 0.06143316647444857
0.9543809674159556 0.05540895828618985
0.954382913806012 0.05516345110969924
0.9543848150393405 0.05491870846468426
0.9543866712314982 0.054674728490677865
0.9904988178733558 0.07121310458956454
0.9542216325509307 0.05469235041338604
0.954223412344147 0.05444969755574977
0.9542251475831678 0.05420779954341141
0.9542268383813174 0.053966654551128
0.9542284848515529 0.05372626075939057
0.9903441115670937 0.07721883495422803
0.9540623773881375 0.05374927076284494
0.954063949814793 0.05351016614698515
0.9540654783884748 0.053271805097017455
0.9540669632199741 0.05303418582761068
0.9540684044197261 0.0527973065590035
0.9538998186234479 0.05306192457700711
0.9539012313531348 0.05282556317999006
0.9539026008056734 0.05258993608631823
0.9539039270897453 0.05235504154397147
0.9539052103136847 0.05212087780635801
0.9900443510899004 0.07851758450138573
0.9537370014033055 0.05215375132014066
0.9537382147736457 0.05192080922124069
0.9537393855375372 0.051688590630196374
0.9537405138012669 0.051457093832750656
0.9537415996707841 0.05122631711992012
0.9889574186380221 0.03836513676220928
0.9535723290303847 0.051264191793351996
0.953573347239045 0.051034601369577465
0.9535743234961753 0.050805723908402316
0.9535752579057394 0.05057755773223551
0.9897434645983065 0.07947791895730442
0.9534049519200261 0.05061985653398642
0.9534058204778134 0.05039284745828435
0.9534066476216614 0.05016654268967264
0.9534074334535962 0.04994094058117355
0.953408178075325 0.04971603949080591
0.9895827131462772 0.08289938723510358
0.9532368131537342 0.04976310786172166
0.9532374940189631 0.04953933007628297
0.9532381340972254 0.04931624649629738
0.9532387334883481 0.04909385550951705
0.9532392922918477 0.04887215550855034
0.9894196969260444 0.08393465163176214
0.9530668701554301 0.04892387107335921
0.9530673672471883 0.04870326138766839
0.9530678241644893 0.0484833360354298
0.9530682410050239 0.04826409343813744
0.9890821703517226 0.06300863435223135
0.9892570290117391 0.08582811456981139
0.9528951399495066 0.04810177611332607
0.9528954570947765 0.04788427280322926
0.9528957346640641 0.047667444177503134
0.9528959727529852 0.04745128869042905
0.9891200484477624 0.0850104150992132
0.9527214588931396 0.04751158635120256
0.9527216389146467 0.04729646234427216
0.9527217798511387 0.04708200510740228
0.9527218817965023 0.04686821312226316
0.9527219448443376 0.046655084875003826
0.9889572459810735 0.08621080207336503
0.9525463759110961 0.04671970586350408
0.9525463828013949 0.046507578259812214
0.9525463511802769 0.04629610817263332
0.9525462811396617 0.04608529411473897
0.9525461727711915 0.045875134603256824
0.9887949632738492 0.0877420336484661
0.9523695494097915 0.04594397019963426
0.9523693867490299 0.045734781208039
0.9523691861375565 0.045526240684437454
0.9523689476653796 0.04531834717184056
0.9886606717199773 0.09067204363950646
0.9886138373067572 0.08319137426089436
0.952190994015195 0.04518404399263497
0.9521906653017693 0.04497773712534032
0.9521902991858165 0.044772069876701924
0.9521898957554872 0.0445670408191374
0.9884804582858974 0.08462294492656224
0.9884705315694877 0.09082595949085485
0.9520107237713225 0.044439600246240135
0.9520102324243338 0.044236120280089296
0.952009704210842 0.04403327127679641
0.9520091392171917 0.04383105183738159
0.9883356681852465 0.09256344031164071
0.9518293663665247 0.04391165101772609
0.9518287521552766 0.04371032008664272
0.9518281015168988 0.04350961302578317
0.9518274145362285 0.04330952846007442
0.9518266912978536 0.04311006501836284
0.9881733939615231 0.09390295415400604
0.9516458628412479 0.043194495041686654
0.9516450920916941 0.04299589252337952
0.9516442854294578 0.042797905563241326
0.9516434429376611 0.042600532813377785
0.9516425646991837 0.0424037729297101
0.9879611720375204 0.08342108721903244
0.9514606800481943 0.04249194015100355
0.951459755966627 0.042296014218943495
0.9514587964756226 0.04210069571147744
0.951457801656635 0.04190598330716028
0.9514567715908818 0.04171187568826253
0.987848671823322 0.09587479619374617
0.951273829918797 0.04180368931121145
0.9512727556408799 0.04161038926676955
0.9512716464458831 0.04141768868689356
0.9512705024136375 0.0412255862758835
0.9512693236237437 0.04103408074165626
0.9876864456612322 0.09695945056365762
0.9510853238699954 0.041129452737357554
0.9510841024628253 0.04093872897724334
0.9510828466203485 0.04074859689044833
0.9510815564208159 0.04055905520633519
0.9875521538747201 0.09942885691782213
0.9875249787115574 0.09898273906269665
0.9508951728166216 0.040468947686587035
0.950893807280719 0.04028075167140613
0.9508924077809909 0.04009313970247303
0.9508909743941509 0.03990611053355364
0.987389428650068 0.09918141761996434
0.9873631247862156 0.10036178280525004
0.950703387183304 0.039821898258158336
0.950701880454535 0.039636182482043786
0.9507003402234128 0.039451043284828576
0.9506987665651536 0.039266479444044725
0.9872257640791833 0.09911720930815936
0.9872014522346643 0.10218310996288131
0.9505099769159071 0.03918803520058516
0.950508331867338 0.03900475316185953
0.9505066537681525 0.03882204039010368
0.9505049426921098 0.03863989568599723
0.9800804550050263 0.007078087264107438
0.9839912998543994 0.02657409285819861
0.9503149514925239 0.03856709572561977
0.9503131709362141 0.03838620189844765
0.950311357771554 0.03820587017757081
0.9503095120708831 0.03802609938621983
0.9869029787729326 0.10205317026728904
0.9858329364021557 0.05287041534470989
0.9501183199340415 0.0379588233288044
0.9501164066227751 0.03778027313579374
0.9501144611362085 0.03760227803563318
0.9501124835452992 0.03742483687352618
0.9866963614549678 0.09331237493506517
0.986707056546544 0.10044390002325233
0.9499200908142951 0.037362967616326216
0.9499180474432527 0.03718671740204574
0.9499159723209926 0.03701101541050346
0.9499138655171253 0.036835860508316005
0.9865687795930702 0.1004606538912553
0.9864966783540954 0.09333174175615606
0.9497202722698236 0.03677928413793573
0.9497181014782008 0.03660529114330719
0.949715899350713 0.03643183964086934
0.9497136659556594 0.03625892851810944
0.9860162734472718 0.07333298818009346
0.9863932783287479 0.10775497210780399
0.9495188720092486 0.03620753422567988
0.9495165763818174 0.036035756563215136
0.9495142498253769 0.03586451379830992
0.9495118924069469 0.03569380483879786
0.9495095041933661 0.035523628595383085
0.9862322385004959 0.10983320576048337
0.9493158973222823 0.03564748483823197
0.9493134793909038 0.035477881468081555
0.9493110309290971 0.0353088065332448
0.9493085520026364 0.03514025896139155
0.949306042677118 0.03497223768299351
0.986070979822112 0.11109457585641552
0.949111355088387 0.03509890841059921
0.9491088173334717 0.034931439117379226
0.9491062494386524 0.0347644919261925
0.9491036514684882 0.03459806578405359
0.9491010234873656 0.03443215964070931
0.9858959971163974 0.10548851257474536
0.9857967989713333 0.09535571824091495
0.9489025966370144 0.034396208079366795
0.948899911731709 0.034231349344144735
0.9488971971325508 0.03406700546921179
0.9488944529027461 0.033903175423114974
0.9776839309926733 0.00688097904447006
0.9857218055730409 0.11361895599278173
0.9486948233364507 0.03387197209166136
0.9486920237947202 0.03370916330185377
0.9486891949330136 0.03354686330556188
0.9486863368133869 0.03338507108967178
0.9854839704067088 0.09589119796383215
0.9855608932290407 0.11540519816237804
0.948485503081758 0.033358519926563954
0.9484825912305141 0.0331977233278497
0.9484796504257518 0.03303742957477035
0.9484766807284043 0.032877637672103915
0.9854262506107552 0.11511535079106741
0.9853954061337863 0.1125395981864429
0.9482746411453017 0.03285564526096476
0.9482716192655819 0.032696823835009235
0.9482685687915712 0.032538499422704016
0.9482654897831085 0.03238067104628564
0.9482623822998757 0.032223337730462785
0.9852391288865868 0.11801913665626274
0.9852082354778227 0.11423964162973389
0.9480591127570747 0.03220626399550512
0.9480559548431666 0.03204987273501576
0.9480527687459199 0.03189397180845936
0.9480495545239523 0.031738560257524084
0.9850411982242385 0.10731674009635447
0.9850350861222399 0.11147097877541443
0.947845076199523 0.0317258476199737
0.9478418130318004 0.03157135401692465
0.9478385220250102 0.0314173451556243
0.9478352032367319 0.03126382009433472
0.9849176601824143 0.12036203147679161
0.9818373355467351 0.035564119610947596
0.9476295137312856 0.03125538304074417
0.9476261474537144 0.03110275227703522
0.9476227536746765 0.0309506007699433
0.9476193324507374 0.030798927593910563
0.9847565519640782 0.12046036486512743
0.9846898008295619 0.10944097245694344
0.9474124291407385 0.03079468299898155
0.9474089618562841 0.030643880915047484
0.9474054674014588 0.03049355270701766
0.9474019458318397 0.030343697465131686
0.9473983972028619 0.030194314281869323
0.9845588387752234 0.11669679974684788
0.9698098452590139 0.00013625440877954273
0.9471902596439193 0.030194557613217758
0.9471866665700077 0.030046019287892543
0.94718304670509 0.0298979486652889
0.9471794001036393 0.02975034485326095
0.9844092074634854 0.12389256635368613
0.9843826332719825 0.12480987432821067
0.9469700438837275 0.029754604231432766
0.946966354208713 0.029607822994655628
0.9469626380603163 0.029461504296202812
0.9469588954920715 0.029315647258945
0.9842490131525581 0.12597749996635352
0.9782180908390982 0.018022795626706667
0.9761942661710106 0.01033672961636165
0.9467445330150998 0.029178790369499684
0.9467407225574869 0.02903419150379221
0.94673688599072 0.02889004924618216
0.9467330233672838 0.028746362736290988
0.9734890841349275 0.004459129677059845
0.9840353275842073 0.1276276539367214
0.9465212053609998 0.028758751917128556
0.9465173025318513 0.028615841380962438
0.9465133738983982 0.028473382493766734
0.9465094195122322 0.028331374409446053
0.9837811299774741 0.1067253615375783
0.9838123977121793 0.11285282035919401
0.9462963732975077 0.02834754201038293
0.9462923799988655 0.028206288873701028
0.9462883611950651 0.028065482518588904
0.9462843169368264 0.027925122112905893
0.9462802472747436 0.027785206826495264
0.9837055566785926 0.12382354194877727
0.9836883534682036 0.13007602865919982
0.946065956658908 0.027805372690265805
0.9460618495465151 0.027666188585268807
0.9460577172724124 0.02752744566548513
0.9460535598863452 0.027389143114351006
0.9835547563726008 0.13040075070531593
0.9835273686400673 0.12962367542470069
0.9458380339017943 0.02741293521335607
0.9458338403088626 0.027275343618763916
0.9458296218415374 0.027138188532291874
0.9458253785487335 0.027001469150662635
0.9458211104792474 0.02686518467248823
0.9825385873127818 0.07896600558456293
0.983338858013197 0.12959760879632826
0.9456043345328355 0.0268927941198382
0.9456000316622148 0.02675719774061507
0.9455957042473367 0.026622032487206466
0.9455913523361891 0.026487297571169893
0.9832077301527851 0.1322989548400257
0.9766785838735913 0.01877929286401027
0.9453733329678762 0.026518390083301993
0.9453689474520022 0.026384323798562807
0.9453645376679511 0.026250684143410974
0.9453601036629213 0.02611747034206003
0.9453556454839972 0.0259846816205263
0.9830207282138864 0.1331707014907493
0.9820368569226892 0.07778763159139729
0.9451363696318956 0.02601942061636003
0.9451318792006127 0.0258872785280394
0.9451273648186398 0.025755557890547346
0.9451228265322917 0.02562425794223485
0.9828624611220187 0.13637969035676528
0.9828358860404369 0.13669575888376845
0.9789628756285108 0.0371963579478554
0.9448977289432916 0.02553167336342802
0.9448931358712481 0.025401418423236184
0.9448885191594808 0.025271579860054853
0.9448838788534443 0.025142156926017657
0.9824252091485697 0.10627682709245662
0.9826006075448013 0.12391654383725087
0.9446620867054176 0.02518372961219298
0.9446574166008596 0.025054913375013334
0.9446527231164749 0.024926509279343652
0.9446480062969845 0.02479851658907867
0.9769569492520132 0.025934136562698534
0.9822484843648782 0.10815445590059501
0.9724752948445609 0.008444214819223866
0.9444202065031349 0.024715907338484718
0.944415437870457 0.0245889112515754
0.9444106461572089 0.024462322420996285
0.9444058314072916 0.02433614012378807
0.9823297350335937 0.1389863160304065
0.9822292277297313 0.12312496017907298
0.9819322734438856 0.10390112897834851
0.9441766626080395 0.024258653906407978
0.9441717975930631 0.024133442997332444
0.9441669097907317 0.0240086345567459
0.9441619992441461 0.02388422787451098
0.9778692917916255 0.0363149395208208
0.9821184224546768 0.1425760555344595
0.9439363962382653 0.02393560838595768
0.9439314594866051 0.023811749895203575
0.9439265001925006 0.023688289879142465
0.9439215183983714 0.023565227638581127
0.9819786433306893 0.13823247619587922
0.9815056993826382 0.10105174408761147
0.9819326756312875 0.14412944835194444
0.9436896304458368 0.023497117630001698
0.9436846011943771 0.023374981029180727
0.9436795496828333 0.02325323829026665
0.9436744759528617 0.02313188872630671
0.9656706101850556 0.0006728302914050652
0.9817696858963608 0.14143179273579742
0.9817470440053271 0.1457747085012599
0.9434412111074104 0.023068585811863114
0.9434360913830953 0.022948138045583415
0.943430949675451 0.02282807961883067
0.9434257860253897 0.02270840985659555
0.9816144747487199 0.14664918116528716
0.9800387103065659 0.07286991090566318
0.981561426697537 0.14685989924312545
0.9431911415171369 0.022649807918477847
0.943185933307513 0.02253101656700113
0.9431807033858528 0.022412610120807086
0.9630048992240113 3.562571309061471e-05
0.9814286006205707 0.14707127684901605
0.9752824245833246 0.026451085351557612
0.9429446978377264 0.02235813166407949
0.9429394245776426 0.02224058371593013
0.942934129831924 0.022123416978155484
0.9429288136401383 0.022006630797354227
0.9812690293334867 0.14744589205475903
0.9812436743311942 0.1499436129444782
0.9812172007386624 0.15012251970716592
0.9426914209520443 0.021956667887669146
0.9426860628063061 0.021840717629920497
0.9426806834364063 0.021725144306899823
0.9426752828812182 0.021609947276345975
0.9810806889628318 0.14669373000194716
0.9810584177186892 0.15151205953727506
0.978763509633607 0.06362393733415529
0.9424364994919681 0.02156440189242161
0.942431058341263 0.02145001863031096
0.9424255962227922 0.02133600810927974
0.9424201131747526 0.02122236969794323
0.9808917164389803 0.1464004231869638
0.9808732569434377 0.1528086744221243
0.9801164162354553 0.09795285901375998
0.9421799352575888 0.021181146508117008
0.942174412947142 0.02106830011960302
0.9421688699203756 0.020955822358504753
0.9421633062148257 0.02084371260405787
0.9807146260319781 0.1539516837664791
0.9806882179446819 0.15449098552848453
0.9801852320320035 0.10879650677712374
0.9419217296800312 0.020806718904499692
0.9419161280205471 0.02069537982520236
0.941910505891362 0.020584405337689616
