0.9440942960794431 0.5653982920827583
0.9442889832793948 0.5632376578277433
0.9444728052183977 0.559076499319943
0.9446598393402263 0.5559480960195763
0.9448360409695715 0.5518972704298513
0.9450295599758586 0.549757782934973
0.9452005518718533 0.5457854586079559
0.945393569694388 0.5436530044469676
0.9455594720628406 0.5397574336222388
0.9457519824557484 0.537632128820932
0.9459129121214759 0.5338116110358445
0.9460693697973549 0.5300541772709577
0.9462609797398219 0.5279464460709867
0.9464126825797556 0.5242608760594313
0.9466037798165012 0.5221604323758308
0.9467508350882357 0.5185451602709481
0.9469414145465364 0.5164521008370995
0.9470839265774118 0.5129056021241447
0.9472223511000701 0.5094164899228371
0.9474120537817581 0.507340808619298
0.9475461290968339 0.5039176186507125
0.9477353109949553 0.501849420485624
0.9478651331183815 0.4984907458506992
0.9480537901462657 0.496430111166581
0.9481794525269435 0.4931345812150463
0.9483348610467905 0.49048222823457915
0.9484547712047681 0.4872694857369154
0.948642315143732 0.4852297906525122
0.9487582822868963 0.4820769986735602
0.9489452985488595 0.48004496698946536
0.9490574077367303 0.47695087408516346
0.9492053252375856 0.47441199974277515
0.9493120910695914 0.47139460862563193
0.9494980200551614 0.4693832764342334
0.9496011249033771 0.4664216727695915
0.9497865249725516 0.4644180758689525
0.9498860464250306 0.46151111476432605
0.9500269588502042 0.45907860981406656
0.950121507302748 0.45624281944826706
0.9503058473925112 0.45425964905895166
0.9503969918389128 0.4514758419676941
0.95058080308887 0.4495004548312481
0.9506686144457976 0.44676758159761154
0.950802966191028 0.4444349259421914
0.9508861406879275 0.4417681868359346
0.9510689203459118 0.4398129271886507
0.9511489254562222 0.4371946885585018
0.9513311774542943 0.43524723969998
0.9514080781228181 0.4326765378820748
0.9515898008426795 0.4307369380206615
0.9516636604242211 0.4282128321489423
0.9517347458074152 0.42572642518823234
0.951915732711373 0.4238026881939162
0.9519838932844291 0.42136114176808565
0.9521643539882487 0.41944524182100273
0.9522296486173276 0.4170476798171792
0.9524095819491734 0.4151396472968447
0.9524720680903771 0.4127852138947852
0.9525920048947969 0.41067271349433365
0.9526505559326901 0.408373857837469
0.9528295227119667 0.4064852429245623
0.952885397313259 0.4042275405423655
0.9530638400760931 0.4023467796829738
0.9531170910865148 0.4001294414785034
0.953231731845813 0.3980981367831387
0.9532812919995255 0.3959326762383409
0.9534587986062228 0.3940709764499774
0.953505856417864 0.3919440620205677
0.9536828429389678 0.3900901913244388
0.9537274470953145 0.3880010942819114
0.9538370980193958 0.38604644034269725
0.9538782347167208 0.38400582625043395
0.95405431548087 0.38217065363836866
0.9540931100368175 0.3801661809998881
0.9542686751193252 0.3783388026942961
0.9543051724611671 0.3763697975072729
0.9544101163614793 0.37448758689220324
0.954443350888345 0.3725639453714103
0.9546180404853286 0.3707548982533021
0.9546490805214166 0.3688651769484493
0.9548232592266843 0.3670638810463991
0.9548521462940855 0.365207455660163
0.9550258140582895 0.363413921008799
0.9550525887585586 0.361590180658016
0.9550773674183188 0.3597922480693569
0.9552504476520366 0.35801276273962623
0.9552731874257427 0.3562464046441397
0.9554457619170601 0.3544746240679672
0.9554665008153747 0.3527392675485915
0.9556385697212488 0.3509751978986547
0.955657344928237 0.34927028212046657
0.9557518017693594 0.34754995054467896
0.9557677488857022 0.3458837531845002
0.9559390099275987 0.3441371826935067
0.955953077975734 0.34250014488162867
0.9561238389993626 0.3407612251828787
0.956136062464251 0.33915282573816385
0.9562266337906324 0.33749266306769843
0.956236182156849 0.3359206253066869
0.9564061647176142 0.334198834449365
0.9564139468397285 0.3326542466854023
0.9565834351137815 0.330940042116126
0.9565894830168107 0.32942241939674877
0.9566763714445526 0.32781938251922116
0.9566798852439349 0.326335942850871
0.9568486239788082 0.32463850016917484
0.9568504761780775 0.3231809218698992
0.9570187264797029 0.32149099738757914
0.9570189468581358 0.32005882865730934
0.9571023410141567 0.31851007910680723
0.9571001573849376 0.31711007694347215
0.9572676865588042 0.3154365516356939
0.957263938512189 0.31406093276531716
0.9574309851919691 0.3123948546636312
0.9574257004537231 0.3110431976703304
0.9575922653051885 0.30938456295463596
0.9575854710381493 0.3080564547367858
0.9576645610283465 0.3065746888296463
0.9576555184095208 0.30527633621243794
0.9578213953348558 0.30363367341941583
0.9578109045099693 0.3023579337157984
0.9579763056746053 0.30072263944577377
0.9579643919719605 0.299469126778267
0.9580403733729463 0.29803582943301277
0.9580263199358549 0.2968103764588704
0.9581910604464737 0.2951907016143976
0.958175641207579 0.29398660315617364
0.958339912042828 0.2923742203597102
0.9583231506471086 0.2911911155734224
0.9583961739115688 0.2898040091828547
0.9583773733627319 0.2886473885159292
0.9585410102363978 0.28705027886103796
0.9585209207152184 0.2859138375074167
0.9586840939956047 0.28432394223167035
0.9586627376002556 0.28320734239825374
0.9587329435314415 0.28186429185261114
0.9587096412154301 0.2807727108032985
0.9588722066422112 0.27919774890884397
0.9588476870655658 0.2781252484984626
0.9590097949601883 0.2765574224818106
0.958984078797738 0.27550368617086984
0.9590515993165291 0.2742026877928661
0.9590240237358753 0.27317260605653754
0.959185549299599 0.2716193804147792
0.9591568234653665 0.2706073511313983
0.9593178975221273 0.2690611823457468
0.9592880407976421 0.2680669085975959
0.9594486643100203 0.26652778633885965
0.9594176956945207 0.26555097664556643
0.9594818804911618 0.2643022950989108
0.9594491571020616 0.26334749387673745
0.9596092282375349 0.26182257695922595
0.9595754354245453 0.2608845862321609
0.9597350620208224 0.25936663583511
0.9597002176005555 0.25844518186094373
0.9597619896309646 0.25723440249444834
0.9597254635017795 0.256333795243583
0.9598845619957865 0.2548297318339654
0.9598470240097416 0.2539450487143971
0.9600056839053493 0.25244787190149176
0.9599671507861919 0.2515788555927499
0.9600266173348287 0.2504043405966572
0.9599864704867693 0.24955508605564952
0.9601446259808757 0.24807148505328644
0.9601035212433292 0.2472373225425175
0.9602612440073642 0.24576052848383367
0.9602191970929337 0.24494121590354279
0.9602764591203173 0.24380142179771783
0.9603333834280597 0.24266695079221431
0.9602893301924297 0.2418735723314549
0.9604463583400972 0.24041341533446944
0.9604014052793433 0.23963423251020138
0.9605580070170674 0.23818079674304296
0.9605121687751054 0.23741558356632886
0.9605669972108584 0.2363141705882452
0.9605196766993533 0.23556661391285286
0.9606758220833672 0.23412612022872853
0.9606276488716817 0.23339203049046586
0.9607833735551171 0.23195817920100936
0.9607343614278906 0.23123734339326277
0.9607871829018634 0.23016762513397368
0.9607367429302 0.22946356615051008
0.9608920332538933 0.22804236770355926
0.9608407848864051 0.2273510897018614
0.9609956601285672 0.2259364555309494
0.9609436163520283 0.22525775757851305
0.9609945147750905 0.22421844569525665
0.960941093938833 0.22355570015524254
0.9610955562868431 0.22215343661824558
0.9610413687429671 0.22150282581295544
0.9611954215349876 0.22010704924533483
0.9611404795286295 0.2194683834832434
0.9611895341618943 0.2184582594666723
0.9612383025959673 0.21745267014199637
0.9611816653874864 0.21683497106459784
0.9613351243158106 0.21545449633507033
0.961277765463051 0.21484823265754274
0.9614308208083518 0.21347416137723982
0.9613727517682131 0.21287915537102534
0.9614197621022746 0.2119014353062857
0.9613604147906469 0.21132077247429068
0.9615131007710586 0.20995849741697228
0.9614530684933518 0.20938869994821194
0.96160535622199 0.20803275280957
0.9615446497988739 0.2074736526506522
0.9615899723686873 0.20652271766448788
0.9615280286606248 0.20597728534436785
0.9616799669383238 0.20463287324618007
0.9616173728637152 0.204097767952165
0.9617689181211819 0.20275960927457834
0.961705683907434 0.20223467198821793
0.9617493853211168 0.2013094941486737
0.9617928325427912 0.20038835890045886
0.9617280889382888 0.19988138463693852
0.9618791104038503 0.19855759741725704
0.9618137539546335 0.1980603657940022
0.9618561436686371 0.19715604859625813
0.9618982869935415 0.19625565363809197
0.9618314642737489 0.19577567480683913
0.9619819812099958 0.19446600710437048
0.9619145716486819 0.19399536531224532
0.9620647057290326 0.1926918052576301
0.9619967184825132 0.1922303578322996
0.9620373636576215 0.19135381850151292
0.9619682468844578 0.19090424463799172
0.9621180884867632 0.18961147481700774
0.9620484140461153 0.18917078261829956
0.9621978777229732 0.18788404926888727
0.9621276542874587 0.18745210345975175
0.9621668581382303 0.18659853984387048
0.9622058338042849 0.18574861745052296
0.9621342458439568 0.18533225879377221
0.9622832487853273 0.18405906398226224
0.9622111348861956 0.18365109129226873
0.9622491728338519 0.1828161299154366
0.962286989297097 0.18198470607249842
0.9622135464761179 0.18159172511064808
0.9623621066479269 0.18033183528555044
0.9622881598936132 0.17994689601244832
0.9624363517042104 0.17869290375538485
0.9623619088124304 0.17831588432990772
0.9623983892301254 0.17750580344630834
0.9623229052543941 0.17713915822535947
0.9624708576869572 0.1758952665809737
0.9623948945327471 0.17553627551510964
0.9625424832374934 0.17429821376781263
0.9624660483031849 0.17394676111822321
0.962501241465354 0.17315726534327117
0.962536228838493 0.17237106403094202
0.9624585495702276 0.17203320008622988
0.9626057364011606 0.1708079030431525
0.9625276049486178 0.1704772703144328
0.9625617572730486 0.16970443345557798
0.9625957095971566 0.16893480120035217
0.9625163633030555 0.16861725522731863
0.9626631650495022 0.16740450641043694
0.9625833853056777 0.1670938977360103
0.9627298323030329 0.1658868469981373
0.9626496257847355 0.16558307100533895
0.9626823815144836 0.16483261356075404
0.9626012066846856 0.16453795197287308
0.9627474638964345 0.16334036333957372
0.9626658767448117 0.16305230739884286
0.9628117835536532 0.1618603527250499
0.9627297904264243 0.16157880288414314
0.9627613917007599 0.16084686380283866
0.9627928065868098 0.1601179178795815
0.9627096691975509 0.15984826655990306
0.962855229172336 0.15866835784043268
0.9627717025574835 0.1584049493464012
0.9628023709137649 0.15768798740168644
0.962832857911208 0.15697394031600065
0.9627482115206347 0.15672200504393233
0.9628934403872784 0.15555394155818367
0.962808420810132 0.1553079968394962
0.9629533076905802 0.15414544257414162
0.9628679206724551 0.15390539813155835
0.9628973317330953 0.15320864455692107
0.9629265679235228 0.1525147048260642
0.962840093985579 0.15228557584933247
0.9629846687801706 0.1511346169443268
0.962897842532352 0.15091115002752398
0.9629263845360125 0.15022837611944506
0.9629547562623488 0.14954834442182502
0.9628668647412533 0.1493354111612195
0.9630111425257794 0.14819585669094185
0.9629229131979746 0.14798835701123092
0.9630668570538959 0.14685419166533697
0.9629782951323269 0.14665204352833733
0.9630056624743181 0.14598818717770326
0.962916226188015 0.14579347189166453
0.9630600560390103 0.1446678071461658
0.9629702983641009 0.1444782666734431
0.963113798184168 0.1433579327267172
0.9630237240899097 0.14317348880459496
0.9630501204523806 0.14252528510331341
0.9630763574023322 0.14187965405827732
0.9629852705350858 0.1417048331268302
0.9631285077136587 0.1405954586391437
0.9630371174729278 0.140425528400889
0.9630627302056103 0.13978996720762943
0.963088187550424 0.13915691573643393
0.9629958025338539 0.1389962825461784
0.9631387912535169 0.13789769026562385
0.9630461153854837 0.13774175005831255
0.9631887816185594 0.13664837525701462
0.9630958194211987 0.13649705670782802
0.9631203682913965 0.13587867864650774
0.9631447669911521 0.13526272872282638
0.9630508345987544 0.1351202766464471
0.9631932695083762 0.13403746232259361
0.9630990626359128 0.13389944466192233
0.9631228787850978 0.13329291061690238
0.9631465484588875 0.13268874683417559
0.963051387298176 0.13255930167287525
0.9631936045223293 0.1314868790461522
0.963098180265109 0.1313616883146898
0.9632400822221842 0.13029437421405612
0.9631443989914257 0.13017337279368146
0.9631672174591764 0.12958298378704172
0.9631898942505858 0.12899488987656962
0.9630932786397337 0.12888207144832248
0.9632349793749171 0.12782493755439472
0.9631381155746791 0.12771613779517585
0.9631602479882143 0.12713685971224256
0.9631822421245527 0.12655982340050506
0.9630844599921954 0.12645894105219946
0.9632259726367158 0.12541182656904645
0.9631279526841023 0.12531479872614198
0.9632691569701596 0.124272688046538
0.9631709029630353 0.12417945515490393
0.9631920984692639 0.12361536735905795
0.9632131601210949 0.12305345195142016
0.9631140073105219 0.12296778350390898
0.9632550393411207 0.12193549043451711
0.9631556623098495 0.12185346113430705
0.9631762146241005 0.12129980993382782
0.963196636216805 0.12074828189926035
0.9630963727724452 0.12067357673758472
0.9632372452075348 0.11965094800488538
0.9631367670055785 0.11957973198323868
0.9631566932279152 0.11903624797413324
0.9631764917560317 0.1184948395377533
0.9631961631197119 0.11795549836545696
0.9630947066465443 0.11789305622179998
0.9632352827583085 0.1168823718504532
0.9631336223029006 0.11682324798380854
0.9631528141734803 0.11629170048011075
0.9631718817890416 0.11576217446766346
0.9630693605146883 0.11570987975891937
0.9632098031434572 0.11470854171581649
0.9631070865986993 0.11465942703533398
0.9631256876569125 0.11413749051713817
0.9631441672735194 0.11361753120186298
0.9631625259425403 0.11309954133063772
0.9630588648208422 0.11305857601774737
0.9631990397516902 0.11206882633893955
0.963095193289666 0.1120308834279138
0.963113100122908 0.11152025063308653
0.9631308887145713 0.11101154465474758
0.9630262042421143 0.11097997823697041
0.9631662709658173 0.1099992705223111
0.9630614091856475 0.10997059890424718
0.9630787579403521 0.10946906039011207
0.9630959910719739 0.10896940742011907
0.9631131090418696 0.10847163273829837
0.9630073329865515 0.10845053781342727
0.9631471597074067 0.1074810774640894
0.9630412155091396 0.10746273171444504
0.9630579073125253 0.10697190841885008
0.9630744864746623 0.10648292365698402
0.9629677245517438 0.10647053994842526
0.9631074675613363 0.10550983008772688
0.9630005449128904 0.10550007760884843
0.9630167090547012 0.10501786789218277
0.9630327629958286 0.10453745819417286
0.9630487071677425 0.10405884171968438
0.9629408974705708 0.10405614015142978
0.9630804273027365 0.10310635085020199
0.9629724653506674 0.10310614578812939
0.9629880072149646 0.10263410319035371
0.9630034416610014 0.10216381669075843
0.9628946799800847 0.10216919378743679
0.9630341498700621 0.1012278756757954
0.9629252427935155 0.10123564010641023
0.9630644331666751 0.10029888368886522
0.9629553832095726 0.10030899547434559
0.9629702157844859 0.09984855323412417
0.9629849440248537 0.09938981839325171
0.9628751056190865 0.09940528532560818
0.9630142494283874 0.09847683769764151
0.9629042746774157 0.09849454790851805
0.9629186246102295 0.09804200682024129
0.9629328723925068 0.09759113859800743
0.9629470184125756 0.09714193711283098
0.9628361961438905 0.09716592663884749
0.9629751674977411 0.09624790349282447
0.9628642163574013 0.09627401725863241
0.9628779954029614 0.09583082986861749
0.9628916747925236 0.09538927589165003
0.9627799499177189 0.09542041438315156
0.962918897405664 0.09451043881546656
0.962807049716285 0.09454360500422897
0.962820371379454 0.09410791839233397
0.9628335954293286 0.09367383285817318
0.9628467222303401 0.09324134264248096
0.9627340474447985 0.0932803658002541
0.9628728472910403 0.09238052130603545
0.962760056622968 0.09242146165680498
0.9627728362739122 0.09199467097074046
0.962785520647276 0.09156944437965253
0.9626719691635193 0.09161510583082876
0.9628107672374814 0.09072305823043934
0.9626971054924673 0.09077054720479719
0.9627094513489927 0.09035088303062595
0.9627217038408336 0.08993275263759055
0.9627338633104574 0.08951615060709116
0.9626193926968621 0.0895691072829483
0.9627580672617593 0.08868690901496576
0.962643492824841 0.08874159050557093
0.9626553236603321 0.08833039390660373
0.962667063320816 0.08792069638015736
0.9626787121376259 0.08751249268017447
0.9625633382392976 0.08757244181388686
0.9627019017209714 0.08669994684176124
0.9625864301871745 0.08676152203107064
0.9625977599014138 0.0863585722740071
0.9626090005563612 0.08595708803332038
0.9624927853299649 0.08602296140152418
0.9626313796424808 0.08515789793559235
0.9625150718030456 0.08522531714917173
0.9625260011391614 0.08482896304500531
0.9625368431490083 0.08443404694926573
0.9625475981445043 0.08404056391738678
0.9624305060477616 0.08411290690250542
0.9625690124493824 0.08325728168930732
0.9624518334973746 0.08333107855940336
0.962462286097187 0.08294258371042679
0.9624726533577526 0.08255549532176183
0.9624829355811505 0.08216980860174684
0.9623649802511323 0.08224835213729119
0.9625034106765781 0.08140202767696796
0.9623853740309195 0.08148193658839217
0.9623953624731587 0.08110110093764981
0.9624052674978721 0.08072164121863365
0.9622865008671109 0.08080547578048211
0.9624249935325092 0.07996623895347697
0.9623061500867112 0.08005136693793408
0.9623157683679565 0.07967664618912068
0.9623253048059545 0.07930327634492516
0.9623347596855824 0.07893125288132817
0.9622151524145329 0.07902082316236936
0.9623535914129518 0.07819063742698645
0.9622339124908621 0.07828141856980976
0.9622430887060577 0.07791400536993992
0.9622521848859282 0.07754791432506515
0.9622612013066149 0.07718314104715439
0.9621407650962635 0.07727820739064173
0.962279161920175 0.07645694312186156
0.9621586590318767 0.07655314079177684
0.9621674045950174 0.07619285334659383
0.9621760718729034 0.07583386021164876
0.9621846611332903 0.07547615712952699
0.962063407061785 0.07557648932640051
0.9620718870471586 0.07522060360050563
0.962080289919129 0.0748659935236955
0.9620886159396992 0.07451265492845086
0.9619666132016396 0.07461702795377877
0.9621052054355226 0.07380919149103855
0.9619831439851452 0.07391456835270989
0.9619912117290328 0.07356551488982481
0.9619992040164476 0.07321771069041556
0.9620071211015687 0.07287115170895297
0.9618843163937595 0.0729804289001856
0.962022898086123 0.07218117180386803
0.9619000391687933 0.07229138075759482
0.9619077051066337 0.0719489931354805
0.9619152971932118 0.07160782920150116
0.9619228156751883 0.07126788502741781
0.9617992185246169 0.07138185948276787
0.9618066381436992 0.07104356621786327
0.9618139849852085 0.07070647952136566
0.9618212592906481 0.07037059554577851
0.9618284613004839 0.0700359104596889
0.9617041036288169 0.07015397910038797
0.9617112098494881 0.0698208957460108
0.9617182445790722 0.06948899844418031
0.9617252080530492 0.06915828344157784
0.9616001169185742 0.06927993101438053
0.9617390911179629 0.0684998089273838
0.9616139564484065 0.06862221725938038
0.9616206857859968 0.06829540187328796
0.9616273451147871 0.06796974889367241
0.9616339346634606 0.06764525467339184
0.9615080706366548 0.0677711203548577
0.9616470747267553 0.06699915429534836
0.9615211711310635 0.06712571719001126
0.9615275328924857 0.06680502110984522
0.9615338260825785 0.06648546449363735
0.9615400509234866 0.06616704379645602
0.9614134217430227 0.06629694729478856
0.9615524662891138 0.06553302515986877
0.9614258013681176 0.06566356451862616
0.9614318045705404 0.06534884364574849
0.9614377405960186 0.06503523997107419
0.9614436096604059 0.06472275004809311
0.9613162226070102 0.06485651789241353
0.9613220083465717 0.0645454301507054
0.9613277278400226 0.06423544473523818
0.9613333812988971 0.06392655826728591
0.9613389689338582 0.06361876738167487
0.9612108450843861 0.0637559675826162
0.9612163520367523 0.06344953653295601
0.9612217938614493 0.06314418993599953
0.9612271707649592 0.06283992449222107
0.9610983271959637 0.06298019947418629
0.9612379020517982 0.0622340584514312
0.9611090318472676 0.0623748232616283
0.9611142018083999 0.0620740224361057
0.9611193079336245 0.06177428541231529
0.9611243504237125 0.061475608980183734
0.9609947631814256 0.06161934729545574
0.9611344171799868 0.060880862553424
0.9610048066911949 0.061025036342210535
0.961009647740465 0.06072973643657269
0.961014426208042 0.060435480272582276
0.9610191422891955 0.06014226472640297
0.9608888171646917 0.06028931471558326
0.9610285604151547 0.059558383440902855
0.960898215319815 0.05970581635666553
0.960902735294807 0.05941589188402455
0.9609071939061717 0.05912699166217011
0.9609115913438747 0.05883911265043774
0.960780533745299 0.058989328267786696
0.9609203762660642 0.058265849515428625
0.9607893018636559 0.058416397246195906
0.960793508369376 0.0581317263935487
0.9607976546947171 0.057848060849361956
0.9608017410245306 0.05756539765320604
0.9606699559914248 0.05771863823539982
0.9606739750924069 0.05743711911280706
0.9606779348008002 0.05715659268342049
0.9606818352979454 0.05687705604207821
0.9606856767644708 0.05659850629472783
0.9605531742805209 0.05675451447681822
0.9605569507331967 0.056477073238688606
0.9605606687430753 0.056200609479086165
0.9605643284873799 0.0559251203575678
0.9605679301426439 0.05565060304447105
0.9604347118766123 0.055809291132360835
0.960438250675958 0.05553584767102848
0.9604417319594462 0.05526336683455874
0.9604451559003079 0.05499184584529965
0.9604485226711043 0.05472128193606304
0.9603145900799057 0.05488256510320115
0.9925286396366961 0.058770262047144126
0.9925017122304945 0.05997921406248923
0.9924743122949935 0.06020063172099498
0.960328002073854 0.05380850283100764
0.960331082418712 0.05354275866872939
0.9603341068259182 0.05327795182369902
0.9603370754622498 0.05301407961953106
0.9602024252695557 0.05317805914173682
0.960205336327728 0.05291517603759911
0.9602081921529537 0.052653218949255925
0.9602109929089493 0.052392185248573156
0.9602137387588094 0.05213207231714798
0.960078379918543 0.05229843135113622
0.9600810701595028 0.052039275863499164
0.9600837060191576 0.051781032727843096
0.960086287657633 0.05152369937260768
0.96008881523445 0.05126727323569054
0.959952748513989 0.05143593639529763
0.9599552224021637 0.05118043682609157
0.9599576427408136 0.050925836259437765
0.9599600096865775 0.05067213217872089
0.9599623233955068 0.050419322076513604
0.9598255493748868 0.05059021643320251
0.9598278112680199 0.050338302777764264
0.9598300204241413 0.05008727508053187
0.9598321769965048 0.04983713087825853
0.9598342811377931 0.04958786771662814
0.9596968002143818 0.049760922719739566
0.9596988543668341 0.049512526614982955
0.9597008565760957 0.049265003720196814
0.959702806992132 0.04901835162398459
0.9597047057643541 0.0487725679236304
0.959566518157316 0.04894771532386199
0.9595683687232468 0.048702769998345836
0.9595701681216674 0.04845868542202832
0.9595719164993495 0.04821545923389701
0.9595736140025265 0.04797308908137677
0.9594347197570892 0.048150262857339234
0.959436370793518 0.0479087030831542
0.9594379714205101 0.04766799187651859
0.9594395217817345 0.04742812692538773
0.9594410220203369 0.047189105925923354
0.9593014210118642 0.04736824221364346
0.9593028764816223 0.04713000426003848
0.9593042822829236 0.04689260296341032
0.959305638556423 0.04665603605931525
0.9593069454422649 0.04642030129129315
0.9591666373801478 0.04660133831653158
0.9591679011547207 0.046366359905207336
0.9591691159852204 0.0461322065035993
0.9591702820093703 0.045898875893547374
0.9591713993643995 0.045666365864656076
0.9590303837957711 0.04584924387791551
0.9590314596580405 0.04561746413991401
0.9590324872845004 0.04538649802018936
0.9590334668100261 0.04515634334558996
0.9590343983690117 0.0449269979505185
0.958892674682295 0.04511165916462216
0.9588935663291809 0.04488301859874854
0.9588944104328637 0.04465518050829924
0.9588952071254487 0.044428142763901814
0.9588959565385737 0.044201903243534076
0.9587535239668677 0.044388291773673025
0.9587542350118771 0.04416273220638012
0.9587548991910771 0.04393796421326476
0.95875551663388 0.04371398570754289
0.9587560874692427 0.043490794609585375
0.958612945093555 0.04367885641571743
0.9586134790692391 0.04345632096240164
0.9586139668417254 0.043234566416877514
0.9586144085378067 0.043013590733799664
0.9586148042838315 0.04279339187479031
0.9584709510361633 0.042983074706295796
0.9584713113964899 0.04276350773393659
0.9584716262018629 0.04254471123133093
0.9584718955765266 0.04232668319346082
0.9584721196442928 0.0421094216220927
0.9583273697271825 0.042301195525749846
0.9583275599346425 0.04208454141120401
0.9583277052214371 0.04186864755026455
0.9583278057093303 0.0416535119771754
0.9583278615196651 0.041439132732787286
0.9581825817719712 0.04163191068764391
0.9581826050455473 0.04141811739706162
0.9581825840191558 0.04120507436009765
0.9581825188121462 0.04099277964921244
0.9581824095434601 0.040781231343298294
0.9580364148480469 0.04097548380520383
0.9580362744193652 0.040764499248947705
0.9580360902982082 0.040554255156414455
0.9580358626015769 0.0403447496372726
0.9580355914460736 0.040135980807460836
0.9578888801669582 0.04033166217208801
0.9578885791977502 0.040123435375094184
0.9578882351307163 0.03991593945633479
0.9578878480805701 0.03970917256171717
0.9578874181616379 0.03950313284325476
0.9577399885272405 0.039700199049617274
0.9577395301113318 0.03949468012000556
0.9577390291797525 0.03928988268205278
0.9577384858449902 0.03908580491696181
0.957737900219154 0.03888244501188788
0.9575895625399183 0.03908136464995469
0.9575889497909859 0.038878503530632456
0.9882353919955787 0.031108360933355197
0.9575877860936156 0.03847440890651832
0.9575870477524236 0.038273680553865125
0.9575862677954127 0.03807365916404129
0.9574374112718882 0.03827314152902683
0.9895549226109515 0.08213075982433256
0.9574359468365011 0.03787424660984178
0.9574350586223139 0.03767610377721935
0.9574341293441708 0.037478659002967665
0.9574331591092051 0.03728191055307319
0.9894198654375602 0.08460706290632583
0.9572827906512574 0.037285600505754135
0.9572817554307107 0.037089996924986074
0.9572806796867225 0.03689508267902013
0.9572795635243966 0.03670085606606491
0.9572784070484904 0.03650731538977829
0.9571281370599647 0.0367087510176831
0.9571269577264235 0.03651564014911268
0.9571257383989067 0.036323210067984266
0.9891069016299833 0.07280736183930463
0.9571233693886809 0.035939888430059755
0.9571220306102437 0.035749491934660524
0.9569708622795097 0.03595231339338238
0.9890671460433861 0.08722521196788788
0.9569682925387568 0.03557250733170721
0.9569668536323913 0.035383858330926686
0.956965375553365 0.03519587683803929
0.9569638584018924 0.03500856122877718
0.9568121697980988 0.03521171653609454
0.9568106325084732 0.03502478684329781
0.9568090564501257 0.034838518138821696
0.956807441721733 0.03465290882286776
0.9568057884216541 0.03446795730065272
0.9874482280702354 0.03713816740656528
0.956651887597613 0.03448710219366652
0.9566501769078426 0.034303172890007144
0.9566484280405859 0.03411989501604556
0.9566466410923931 0.03393726700575042
0.9566448161595054 0.033755287297964884
0.95649149122415 0.033960732864959285
0.9564896486315924 0.033779099218244804
0.9564877683442892 0.03359810919923927
0.9564858504570258 0.03341776126996655
0.9564838950642869 0.03323805389720741
0.9563300246661391 0.0334440049862045
0.9563280525875146 0.03326462776197712
0.9563260432873391 0.033085886515956606
0.9563239968586779 0.03290777973753112
0.9563219133943017 0.03273030592073361
0.9561673034269126 0.032937220986004594
0.9561652043160048 0.03276006051729836
0.9561630684474316 0.032583528526066184
0.9561608959125795 0.03240762352839845
0.9561586868025486 0.032232344044917406
0.988198253468933 0.08462299917822926
0.9560011103248023 0.03226521198854183
0.9559988502840322 0.03209085050664748
0.9559965540301578 0.031917108688687294
0.955994221652649 0.03174398508123271
0.9559918532406964 0.03157147823526539
0.9558357768181618 0.03177990082515047
0.9558333949544021 0.03160767185960042
0.988011309431574 0.09563438083331352
0.9879842887332891 0.09589848891985796
0.9558264240616016 0.031093698079997227
0.9558238994738661 0.030923912937439943
0.9558213394673081 0.030754734582895744
0.9878757380556783 0.0957239478048437
0.9878490482562016 0.09649483289037306
0.9878221784359493 0.09729211533695781
0.9877951693799302 0.09756132795186517
0.9877681599396592 0.09779290475120425
0.9877411531736666 0.09805931602737476
0.9556495783506569 0.029956453735319907
0.9556467960921043 0.0297911330175499
0.9556439791839314 0.029626406611398995
0.9556411277103666 0.029462273146663772
0.9554835282646152 0.029670355230152882
0.9554806665267478 0.0295064483865843
0.9554777704716988 0.029343130478506986
0.955474840182484 0.029180400155090245
0.987490042968027 0.09476167803312939
0.955469072542186 0.02885623205054267
0.9553107445052359 0.029064705398738688
0.9553077367171657 0.028903356716437525
0.9553046951025193 0.028742589017784634
0.9553016197426281 0.028582400978776026
0.9551425087535506 0.0287919928563113
0.9551394249379714 0.02863200217742029
0.9836334187829917 0.02115743422413304
0.9551333538306293 0.02831328304689753
0.9551301696466408 0.028155017130986143
0.9551269521956051 0.027997323121260822
0.9549673036984667 0.02820678260551116
0.9855417362333196 0.04180334904502979
0.9549610184727367 0.027891864281036283
0.9549577274323279 0.02773548843678208
0.9549544035145667 0.027579678184221273
0.9549510467975533 0.027424432250848
0.9870046595277281 0.09855078907022637
0.9547872984402107 0.027479106596113485
0.9547839026491197 0.027324586903014682
0.9547804743630967 0.027170626603765458
0.9547770136589191 0.027017224446971983
0.9868777789534653 0.1039329754481616
0.9547701933693593 0.026711635136841896
0.9546088960077763 0.02692170144543451
0.9546053653267519 0.026769559132064028
0.9867504365474318 0.0974567762763807
0.954598406833414 0.02646647546726527
0.9545947801572189 0.026315986955198257
0.9544327110813848 0.026526686882042336
0.9866624694411692 0.10584957467455598
0.9866357469933812 0.10686612796088911
0.9866088331418931 0.10712458334170841
0.9865819209024325 0.10734224713820845
0.9544150375367728 0.025778557569673205
0.9865281030614125 0.1077704095270422
0.9544076273478237 0.025483385829373734
0.9544037755744913 0.025336833978156
0.9543998926378332 0.025190819872410303
0.9854031541014273 0.05607423264621073
0.9861276920111993 0.07961337947665917
0.9542297892178323 0.02510783050128528
0.9542258412966234 0.02496299517024034
0.9542218625640546 0.02481869187472964
0.9542178530914355 0.02467491945051159
0.9862235187613787 0.09859069028687766
0.9540505927864547 0.024740102837606474
0.9540465506279058 0.024596953244001594
0.9540424780035702 0.024454330078681138
0.954038374983589 0.02431223219608752
0.9540342416379013 0.024170658453871455
0.9538700382970106 0.024380065825725855
0.9538659037795415 0.02423857170584353
0.9802408390056206 0.013644004928150464
0.9860172296830506 0.11143984775836162
0.9859904056917108 0.11191975740491314
0.985963548482532 0.11219855786707096
0.9859366911184864 0.11246330002716284
0.9538414723908786 0.023398336045041063
0.9538371279868674 0.023260471026806697
0.9538327539353861 0.02312311910236688
0.9536681185075696 0.023330341610727254
0.9779001812886065 0.0071914321838727506
0.9855612239568236 0.08669518046566943
0.9857036507792178 0.10107054933261392
0.9857181779509419 0.11041722967801468
0.9536467620784984 0.022647248575672407
0.9536422411724682 0.022512499410918412
0.9536376911436846 0.022378254796697018
0.9536331120581277 0.02224451365380977
0.9534676103394828 0.022450786483010566
0.9534630326545783 0.022317083442305905
0.9534584260983862 0.022183880875442086
0.9534537907360184 0.022051177717140855
0.9845763982340712 0.06416982138090861
0.9854489349560283 0.11207085849325497
0.9534401168318216 0.021655211435533173
0.9853999256638957 0.11636079991403739
0.985373150441836 0.11681134702219159
0.953264824233601 0.0215982567646403
0.9532600480178012 0.021468059089649202
0.9532552434981133 0.021338352639776174
0.9532504107379045 0.021209136377617163
0.953083413621465 0.02141484040362521
0.9530785839848261 0.021285634376311216
0.9851853686699882 0.11769468031065977
0.9851586659565316 0.11818563486986118
0.9851319436555996 0.11886517098424447
0.9530595964965795 0.020772425697342316
0.9850767845827602 0.11682877322109196
0.9530498330843094 0.020518942780861908
0.9530448079525332 0.020393131635846617
0.9528771390646859 0.020597282855198747
0.9528721181639471 0.020471464066050694
0.9528670697430025 0.020346123741734834
0.9528619938627453 0.020221260884441972
0.9528568905839009 0.020096874499033617
0.9848598768381335 0.11689756704111226
0.952683521386533 0.020176580738353767
0.9526783956653079 0.020052651233314827
0.9526732427731879 0.019929194506123828
0.9526680627699606 0.01980620957668724
0.9847238449033062 0.11698384793203144
0.9847035509596825 0.12219774217745809
0.9846767993421799 0.12246816755485482
0.984650048355618 0.12273659029097435
0.9846232980712564 0.12299138754341621
0.9845965492608522 0.12321791826016056
0.9845698025683903 0.12343602180919575
0.9845429691784717 0.12303923228414006
0.9845162936691111 0.12356182420313136
0.9524528840973319 0.018917568224763728
0.9524474684889032 0.01879875238487483
0.9524420264597713 0.01868039705770565
0.9524365580675404 0.018562501298064395
0.9522667262730173 0.018763656565233842
0.9522612648308441 0.018645709225132857
0.9522557771826013 0.018528218914106602
0.9522502633851737 0.018411184698532382
0.952244723495292 0.018294605647230882
0.9520740706110943 0.018496066981579202
0.9520685382716361 0.018379426615627106
0.9520629799939061 0.01826323892155563
0.9520573958339309 0.018147502979514972
0.9520517858475869 0.018032217872049106
0.9839968120832384 0.10534616154314907
0.9840435967196778 0.11361228131087701
0.951869492995512 0.018002923265969844
0.9518638396773692 0.01788846561034172
0.9518581607945452 0.01777445453049319
0.9518524564019331 0.017660889124744946
0.9516799716183564 0.0178628088379066
0.9516742761325687 0.017749160346205307
0.9516685552851072 0.017635955134401193
0.951662809130192 0.017523192311646518
0.9514894493269586 0.017725931980687795
0.9837947740714986 0.1186832007482641
0.9514781604930576 0.0175002710109928
0.9514723733662045 0.01738829771947777
0.9514665611848855 0.017276762698698107
0.9512925667999653 0.01747939272064403
0.9512867644812021 0.017367758886203313
0.9512809372513807 0.01725656100450605
0.9512750851632702 0.01714579820803824
0.9512692082695015 0.01703546963149394
0.9510943631397051 0.017238382570700365
0.9510884966654174 0.01712794614591225
0.9510826055263315 0.01701794166432317
0.9510766897744433 0.016908368270849725
0.9510707494616131 0.01679922511257275
0.9508950473719474 0.017002418023471074
0.9508891180274903 0.016893158111731407
0.9508831642604587 0.016784326198847628
0.9508771861220912 0.016675921441918054
0.9821709911560798 0.07063960149148128
0.9828840281965768 0.09290029123444223
0.983287363438061 0.13137255183203986
0.9832618912226304 0.13370635763719377
0.9508477798559666 0.01613874664367101
0.9506713629140506 0.01633999509763524
0.9506652751705015 0.016233587600353646
0.9831521919432352 0.13094476870543992
0.9831285837496623 0.13413028985746697
0.9506472942577349 0.015916124542635843
0.9830662690924801 0.12891887281396844
0.9830478187925807 0.13340751731433584
0.9830214299763868 0.1338765347676031
0.9829956220766327 0.1358993368731139
0.9506169895320339 0.01539515844810447
0.9506106871924507 0.015292516191187499
0.982913299079942 0.13327171434323026
0.9504275514706962 0.015387478807671185
0.9828535196147049 0.13064043839781753
0.9828305280580049 0.13228707211652613
0.9828093371321333 0.13716722987303853
0.950402799306603 0.014979325940427038
0.950396392663064 0.014878594403321078
0.9503899628034221 0.014778271080794615
0.9502119304168236 0.01497528686025358
0.9502055142495685 0.014874803050056454
0.9501990749915572 0.01477472542889005
0.9501926126902501 0.01467505321448067
0.9825966217553 0.13911822433992171
0.9825700403557611 0.13936460760490776
0.9825434605630949 0.13960585621241015
0.9499948946329094 0.014573440832613745
0.9499883775585354 0.014474812885531929
0.9499818377049543 0.014376586031604046
0.9824167352635635 0.13074755675506478
0.9824104150979474 0.13979302365351992
0.9499625116840267 0.014083578899364601
0.9823116723274906 0.1266444113397153
0.9823308594251061 0.14093565424832785
0.9497700521744511 0.014084533013859141
0.9497634138137837 0.013988122649974247
0.9821983395914401 0.1263997852840525
0.9497502856216811 0.013796126846886471
0.949743580022309 0.01370090151411323
0.9820614649239694 0.12039558733480993
0.9821446273157997 0.1414635965328593
0.9821184396409628 0.14267505195000693
0.9495435963418504 0.013609476284808965
0.9495368394762971 0.013515238101407865
0.9495300605248151 0.013421389653947124
0.9495232595320038 0.013327930206169505
0.949341942286276 0.013521663867702488
0.9493351574362323 0.013428004304687812
0.9493283506589989 0.013334731897638322
0.9493215219986706 0.01324184591843777
0.9818717357190379 0.1387503143416638
0.9818517229047357 0.14253564066226154
0.9818265968484639 0.14514198869525186
0.9491194137605222 0.013157170229431057
0.9491125361871247 0.013065233086202548
0.9491056369738025 0.012973678395374439
0.949098716163834 0.012882505441975027
0.9816777884545964 0.13755195582308413
0.948908936716365 0.012984270153794825
0.94890201146087 0.01289326225933121
0.9488950647614803 0.012802633619395602
0.9798097747208715 0.0686156250078468
0.9815600557047537 0.14480530371720407
0.9488745347930568 0.012532319014764133
0.9486906003893023 0.012724804924591835
0.9766188998721275 0.034378646482942504
0.9814106712600266 0.13364542456744968
0.9486699976448143 0.012456078367976776
0.9814024919665605 0.1482161886534883
0.9486560828388066 0.012278922266864186
0.9486489837009702 0.012191077929137142
0.948641863563552 0.012103605541943395
0.9484573445309379 0.012294100156662536
0.975597837179026 0.029618580578652735
0.948443341016196 0.012118711272586217
0.9484361972950549 0.012031745453587196
0.9484290327610498 0.01194514853799735
0.9484218474551317 0.011858919848347528
0.9808151023001095 0.1129786259915064
0.9482294927906673 0.011962161642455208
0.9482223054761809 0.011876058218183428
0.9482150975327079 0.011790320696296678
0.9482078690006549 0.011704948408115111
0.9806051784279187 0.10994237080907633
0.9481935720676911 0.01153495868000557
0.9480070815363147 0.011724299117714587
0.9479998312475311 0.011639403889532234
0.9808988876694745 0.15073398801977356
0.9479854923371187 0.011470361184010985
0.9479781808530084 0.011386552081138911
0.9477907427760406 0.011576066155806721
0.9477834511026683 0.01149199757272757
0.9804090755150487 0.11365917339992744
0.9807407583659126 0.15277462074270168
0.9807144149402004 0.15317690841897902
0.9806881514430549 0.1539009904928224
0.9806617864166144 0.15454481092675543
0.9806353638484161 0.15479192639545844
0.9806089442806001 0.1550979903993017
0.9477259564128986 0.010830021389356894
