9.4409429607944306e-01 5.6539829208275827e-01
9.4428410147556074e-01 5.6222877950039141e-01
9.4447242118543173e-01 5.5908147857434876e-01
9.4465109260194691e-01 5.5499377007768136e-01
9.4483529328220661e-01 5.5190834466978056e-01
9.4501806920616294e-01 5.4884425308969931e-01
9.4519943465253042e-01 5.4580129101555708e-01
9.4536556727668331e-01 5.4189810228229829e-01
9.4554303501937254e-01 5.3891380130264221e-01
9.4571914900698362e-01 5.3594981064887537e-01
9.4589392255611837e-01 5.3300593931562579e-01
9.4604820721331850e-01 5.2927712909833857e-01
9.4621928888248052e-01 5.2638892253329950e-01
9.4638908298908797e-01 5.2352006987981425e-01
9.4655760196871563e-01 5.2067039236058676e-01
9.4672485809789453e-01 5.1783971339105417e-01
9.4686569837584611e-01 5.1430971841686290e-01
9.4702949135971570e-01 5.1153136829698431e-01
9.4719207019759999e-01 5.0877130974616591e-01
9.4735344637095131e-01 5.0602937725164687e-01
9.4748379359398394e-01 5.0265380235898816e-01
9.4764188287841833e-01 4.9996161999866656e-01
9.4779881502488483e-01 4.9728690140617243e-01
9.4795460078426341e-01 4.9462949126864408e-01
9.4807500081590212e-01 4.9140025937419335e-01
9.4822766425582683e-01 4.8879018651794970e-01
9.4837922391530205e-01 4.8619680099799606e-01
9.4852968987291097e-01 4.8361995691135989e-01
9.4864065114221752e-01 4.8052952712413677e-01
9.4878814861762617e-01 4.7799776016474860e-01
9.4893459231099331e-01 4.7548195149752520e-01
9.4907999168134494e-01 4.7298196391237851e-01
9.4918198828459832e-01 4.7002328831249895e-01
9.4932456314036495e-01 4.6756625847176431e-01
9.4946613111713729e-01 4.6512450165163571e-01
9.4960670110219214e-01 4.6269788868312073e-01
9.4974628187893562e-01 4.6028629184770065e-01
9.4983805595204662e-01 4.5747872853057320e-01
9.4997497346895643e-01 4.5510771210480605e-01
9.5011093651262746e-01 4.5275120219280796e-01
9.5024595334590956e-01 4.5040907841804156e-01
9.5032970237873249e-01 4.4771926015335056e-01
9.5046218085927059e-01 4.4541587016156758e-01
9.5059374578545952e-01 4.4312638629804046e-01
9.5072440493837573e-01 4.4085069499631735e-01
9.5080051060828719e-01 4.3827290692469573e-01
9.5092874869594657e-01 4.3603421227193512e-01
9.5105611174255433e-01 4.3380885763220106e-01
9.5118260708274949e-01 4.3159673576328716e-01
9.5125142683370700e-01 4.2912561431965773e-01
9.5137561135014181e-01 4.2694885343560052e-01
9.5149895710999899e-01 4.2478489826962057e-01
9.5162147103371952e-01 4.2263364745936405e-01
9.5168333993093368e-01 4.2026415416095680e-01
9.5180364674892037e-01 4.1814672281497617e-01
9.5192314902727870e-01 4.1604159247126032e-01
9.5204185330171354e-01 4.1394866724026641e-01
9.5215976603764185e-01 4.1186785222482225e-01
9.5221368055946987e-01 4.0961550492922527e-01
9.5232950315658171e-01 4.0756676889855470e-01
9.5244455968881248e-01 4.0552976589056078e-01
9.5255885626866088e-01 4.0350440604069548e-01
9.5260649000664854e-01 4.0134358587293861e-01
9.5271878743296656e-01 3.9934894775176843e-01
9.5283034897289376e-01 3.9736559586381459e-01
9.5294118041030840e-01 3.9539344503971885e-01
9.5298280736078245e-01 3.9332000406561396e-01
9.5309172549146637e-01 3.9137729235011348e-01
9.5319993627524369e-01 3.8944544367742873e-01
9.5330744518966681e-01 3.8752437726305350e-01
9.5334332312844994e-01 3.8553440509279785e-01
9.5344899980311770e-01 3.8364156472422245e-01
9.5355399614289393e-01 3.8175918624223615e-01
9.5365831733949324e-01 3.7988719296142343e-01
9.5376196853219442e-01 3.7802550894251952e-01
9.5379125454833147e-01 3.7613208483836141e-01
9.5389316537346991e-01 3.7429725075259879e-01
9.5399442637547271e-01 3.7247242514066831e-01
9.5409504243004140e-01 3.7065753585157141e-01
9.5411909825290975e-01 3.6883969310090875e-01
9.5421804560728496e-01 3.6705057780287154e-01
9.5431636714522194e-01 3.6527111327307032e-01
9.5441406749593782e-01 3.6350123090924441e-01
9.5443310620925104e-01 3.6175571585785293e-01
9.5452920570873434e-01 3.6001058743147052e-01
9.5462470217061657e-01 3.5827476988201890e-01
9.5471959999339573e-01 3.5654819793461162e-01
9.5473382270288343e-01 3.5487193359602032e-01
9.5482718395669619e-01 3.5316914782498171e-01
9.5491996380272370e-01 3.5147534973804240e-01
9.5501216642330178e-01 3.4979047718289707e-01
9.5510379596096073e-01 3.4811446857766554e-01
9.5511249006155896e-01 3.4651854644233421e-01
9.5520265620658495e-01 3.4486522143118864e-01
9.5529226547704404e-01 3.4322051735816606e-01
9.5538132181520785e-01 3.4158437554005810e-01
9.5538560702467068e-01 3.4005146334349418e-01
9.5547325719131615e-01 3.3843714110859668e-01
9.5556036983778481e-01 3.3683114975266620e-01
9.5564694871836087e-01 3.3523343331780731e-01
9.5564699285437782e-01 3.3376094652879235e-01
9.5573221989939450e-01 3.3218422818727755e-01
9.5581692784347139e-01 3.3061556432664924e-01
9.5590112026427410e-01 3.2905490155341888e-01
9.5589708215138469e-01 3.2764038911425331e-01
9.5597997436760873e-01 3.2609994287094213e-01
9.5606236502380160e-01 3.2456728756090297e-01
9.5614425753155419e-01 3.2304237220556459e-01
9.5622565527176706e-01 3.2152514626896528e-01
9.5621692897089605e-01 3.2017806531645021e-01
9.5629708552214354e-01 3.1868016193059995e-01
9.5637676048393994e-01 3.1718974932518879e-01
9.5645595708268660e-01 3.1570677921496770e-01
9.5644347175918576e-01 3.1441267631038666e-01
9.5652147341232652e-01 3.1294832686366281e-01
9.5659900926738206e-01 3.1149123029100684e-01
9.5667608240522539e-01 3.1004134043021619e-01
9.5665997169637840e-01 3.0879813932958600e-01
9.5673589391925629e-01 3.0736620105988471e-01
9.5681136541260159e-01 3.0594128838300116e-01
9.5688638912010315e-01 3.0452335714082324e-01
9.5696096796003394e-01 3.0311236354344062e-01
9.5694069455144359e-01 3.0192846605869589e-01
9.5701417295105684e-01 3.0053465658391521e-01
9.5708721782283113e-01 2.9914761318203681e-01
9.5715983195704757e-01 2.9776729393615115e-01
9.5713620615277129e-01 2.9663005095389755e-01
9.5720775945150749e-01 2.9526631250896823e-01
9.5727889284531853e-01 2.9390913413951281e-01
9.5734960900363819e-01 2.9255847569940896e-01
9.5732274388013650e-01 2.9146611816304213e-01
9.5739243698368326e-01 2.9013146437316817e-01
9.5746172320579404e-01 2.8880317351144841e-01
9.5753060510172239e-01 2.8748120710704733e-01
9.5750060811298543e-01 2.8643205016753337e-01
9.5756850301496188e-01 2.8512553791383144e-01
9.5763600349283629e-01 2.8382519981067700e-01
9.5770311199390357e-01 2.8253099897322748e-01
9.5776983094539458e-01 2.8124289880888037e-01
9.5773624124542944e-01 2.8024416419330017e-01
9.5780201468877979e-01 2.7897088453307844e-01
9.5786740797541292e-01 2.7770356278398989e-01
9.5793242343148477e-01 2.7644216384063641e-01
9.5789592238619758e-01 2.7548316821351548e-01
9.5796002493729293e-01 2.7423609092516776e-01
9.5802375865111133e-01 2.7299479961553774e-01
9.5808712575810340e-01 2.7175926058913491e-01
9.5804780488542762e-01 2.7083855828009978e-01
9.5811029025948646e-01 2.6961686348961850e-01
9.5817241764183847e-01 2.6840078977907389e-01
9.5823418917225478e-01 2.6719030479043004e-01
9.5829560697361416e-01 2.6598537641262976e-01
9.5825305522253534e-01 2.6510941817277611e-01
9.5831362724401736e-01 2.6391778313722858e-01
9.5837385372435246e-01 2.6273157986382317e-01
9.5843373670131604e-01 2.6155077749857897e-01
9.5838855356444208e-01 2.6071013318301040e-01
9.5844761904608078e-01 2.5954219004180096e-01
9.5850634887643715e-01 2.5837952796724045e-01
9.5856474501254130e-01 2.5722211729938349e-01
9.5851700877826063e-01 2.5641554039310216e-01
9.5857461450497861e-01 2.5527057284681159e-01
9.5863189407107885e-01 2.5413074161934329e-01
9.5868884935693766e-01 2.5299601818555989e-01
9.5874548222862077e-01 2.5186637423031472e-01
9.5869482548574747e-01 2.5109963795469714e-01
9.5875069926390755e-01 2.4998195584690600e-01
9.5880625780085749e-01 2.4886924351439435e-01
9.5886150289055905e-01 2.4776147371094795e-01
9.5880845476687304e-01 2.4702622835699042e-01
9.5886296542244409e-01 2.4593004081945524e-01
9.5891716951975592e-01 2.4483869035720129e-01
9.5897106878423188e-01 2.4375215074116402e-01
9.5902466492848015e-01 2.4267039593077347e-01
9.5896888499369792e-01 2.4197199493624919e-01
9.5902177525981591e-01 2.4090138267239156e-01
9.5907436897253773e-01 2.3983545458174624e-01
9.5912666777990718e-01 2.3877418558319888e-01
9.5906864234278111e-01 2.3810493833352947e-01
9.5912025777101673e-01 2.3705446489279988e-01
9.5917158460681640e-01 2.3600855372039253e-01
9.5922262443677886e-01 2.3496718064923369e-01
9.5916241416461823e-01 2.3432610678253429e-01
9.5921279221368705e-01 2.3329519589823264e-01
9.5926288932831838e-01 2.3226872991778147e-01
9.5931270703660254e-01 2.3124668554532887e-01
9.5936224685566918e-01 2.3022903964678293e-01
9.5929954654041194e-01 2.2962094334652444e-01
9.5934844964538191e-01 2.2861337260711484e-01
9.5939708065791030e-01 2.2761011126786024e-01
9.5944544103989826e-01 2.2661113701807628e-01
9.5938068185501979e-01 2.2602917833845590e-01
9.5942842528801764e-01 2.2503997362289513e-01
9.5947590367049751e-01 2.2405497018490650e-01
9.5952311841171400e-01 2.2307414649949708e-01
9.5957007091104396e-01 2.2209748118775413e-01
9.5950296954145653e-01 2.2154612223658721e-01
9.5954932806492688e-01 2.2057887113069066e-01
9.5959542967968969e-01 2.1961569630122180e-01
9.5964127573536151e-01 2.1865657711277850e-01
9.5957222956010735e-01 2.1812950047851987e-01
9.5961749976270994e-01 2.1717951478237149e-01
9.5966251954440029e-01 2.1623350557081641e-01
9.5970729020730905e-01 2.1529145291864621e-01
9.5975181304464485e-01 2.1435333703286796e-01
9.5968055890847404e-01 2.1385468930041168e-01
9.5972452698711597e-01 2.1292538008422029e-01
9.5976825215596528e-01 2.1199993183186336e-01
9.5981173566329048e-01 2.1107832542323204e-01
9.5973864014532584e-01 2.1060226621514938e-01
9.5978158554191773e-01 2.0968920817965656e-01
9.5982429401693159e-01 2.0877991884260261e-01
9.5986676677570681e-01 2.0787437972725248e-01
9.5979187287451895e-01 2.0742019654352123e-01
9.5983382355233315e-01 2.0652295691864991e-01
9.5987554308597833e-01 2.0562939690944018e-01
9.5991703263976458e-01 2.0473949865459334e-01
9.5995829337027794e-01 2.0385324440758737e-01
9.5988136441351168e-01 2.0342466845948301e-01
9.5992212175841651e-01 2.0254642337376519e-01
9.5996265466026087e-01 2.0167175459156067e-01
9.6000296423673537e-01 2.0080064495042751e-01
9.5992432680087547e-01 2.0039245662951488e-01
9.5996414775512828e-01 1.9952912657046828e-01
9.6000374961236279e-01 1.9866929024968152e-01
9.6004313345305825e-01 1.9781293106395942e-01
9.6008230035068098e-01 1.9696003251453253e-01
9.6000173433611469e-01 1.9657570262248614e-01
9.6004042985272942e-01 1.9573031549577871e-01
9.6007891248082933e-01 1.9488832623612565e-01
9.6011718325856554e-01 1.9404971887608791e-01
9.6003499050234897e-01 1.9368441240769585e-01
9.6007280351909696e-01 1.9285310435219183e-01
9.6011040860237773e-01 1.9202511751731594e-01
9.6014780675652578e-01 1.9120043644482923e-01
9.6018499897949072e-01 1.9037904577169487e-01
9.6010097471905465e-01 1.9003599215658007e-01
9.6013772510745021e-01 1.8922165271108884e-01
9.6017427332380989e-01 1.8841054538088767e-01
9.6021062033395466e-01 1.8760265528723194e-01
9.6012504370868745e-01 1.8727737287149493e-01
9.6016096146987950e-01 1.8647633771278382e-01
9.6019668165896521e-01 1.8567846340860950e-01
9.6023220521097097e-01 1.8488373554475704e-01
9.6026753305510515e-01 1.8409213979395755e-01
9.6018021351486582e-01 1.8378763398703873e-01
9.6021512684528665e-01 1.8300266332104947e-01
9.6024984795847268e-01 1.8222077056815422e-01
9.6028437775434283e-01 1.8144194184334125e-01
9.6019557357744700e-01 1.8115405617582953e-01
9.6022970050756984e-01 1.8038167061336588e-01
9.6026363949722238e-01 1.7961229661304751e-01
9.6029739141822856e-01 1.7884592071441727e-01
9.6033095713709793e-01 1.7808252953657669e-01
9.6024049096068598e-01 1.7781406123745411e-01
9.6027366746779130e-01 1.7705689994501797e-01
9.6030666101887430e-01 1.7630267289916168e-01
9.6033947245369455e-01 1.7555136712358613e-01
9.6037210260694916e-01 1.7480296971786180e-01
9.6028001636995453e-01 1.7455321473047991e-01
9.6031227041553380e-01 1.7381084237009381e-01
9.6034434630129772e-01 1.7307132980185833e-01
9.6037624483646400e-01 1.7233466451111298e-01
9.6028276769494758e-01 1.7209992103362479e-01
9.6031430048546440e-01 1.7136911859790152e-01
9.6034565894841095e-01 1.7064111637032900e-01
9.6037684386853128e-01 1.6991590220703900e-01
9.6040785602593015e-01 1.6919346403377439e-01
9.6031282924815387e-01 1.6897623466778425e-01
9.6034348783073709e-01 1.6825946886610535e-01
9.6037397655999379e-01 1.6754543372085096e-01
9.6040429619269474e-01 1.6683411751162583e-01
9.6030793198329989e-01 1.6663096548882930e-01
9.6033790766793836e-01 1.6592517079200536e-01
9.6036771707515833e-01 1.6522205107882479e-01
9.6039736093930372e-01 1.6452159496926155e-01
9.6042683999046119e-01 1.6382379114726622e-01
9.6032899057457088e-01 1.6363704543084134e-01
9.6035813699559158e-01 1.6294458574954204e-01
9.6038712131875448e-01 1.6225473599466403e-01
9.6041594425273702e-01 1.6156748517530045e-01
9.6031680616555548e-01 1.6139395424142552e-01
9.6034530542450713e-01 1.6071190705595093e-01
9.6037364592676078e-01 1.6003241771165283e-01
9.6040182836040311e-01 1.5935547553059196e-01
9.6042985340960296e-01 1.5868106989374151e-01
9.6032928908603576e-01 1.5852292066376988e-01
9.6035700100002264e-01 1.5785355328324263e-01
9.6038455806670964e-01 1.5718668281363507e-01
9.6041196095059089e-01 1.5652229893514602e-01
9.6043921031244417e-01 1.5586039138421517e-01
9.6033725050977081e-01 1.5571709048611523e-01
9.6036419687834074e-01 1.5506006195202393e-01
9.6039099217100254e-01 1.5440547150789810e-01
9.6041763702972649e-01 1.5375330917639313e-01
9.6031445625069878e-01 1.5362201035287537e-01
9.6034080614354023e-01 1.5297460085563794e-01
9.6036700797619656e-01 1.5232958234524038e-01
9.6039306237254429e-01 1.5168694512007846e-01
9.6041896995300935e-01 1.5104667953054393e-01
9.6031444513602604e-01 1.5092931913479785e-01
9.6034006721404208e-01 1.5029365762240582e-01
9.6036554476628722e-01 1.4966033190439301e-01
9.6039087839588255e-01 1.4902933259509202e-01
9.6041606870264873e-01 1.4840065035863126e-01
9.6031022675407551e-01 1.4829675374606194e-01
9.6033514067413916e-01 1.4767253220533941e-01
9.6035991348155969e-01 1.4705059312469071e-01
9.6038454575959320e-01 1.4643092742102534e-01
9.6027754156298006e-01 1.4633795619933862e-01
9.6030190467178256e-01 1.4572263754198081e-01
9.6032612939778772e-01 1.4510955862807234e-01
9.6035021630828232e-01 1.4449871061836603e-01
9.6037416596751035e-01 1.4389008471964265e-01
9.6026588951864633e-01 1.4380976718474295e-01
9.6028957853059482e-01 1.4320535414431720e-01
9.6031313236424265e-01 1.4260313071455089e-01
9.6033655156854048e-01 1.4200308833591940e-01
9.6035983668952019e-01 1.4140521849304860e-01
9.6025031153160223e-01 1.4133713121034536e-01
9.6027334422234578e-01 1.4074334476199155e-01
9.6029624483229847e-01 1.4015169943411593e-01
9.6031901389284313e-01 1.3956218693538991e-01
9.6020837738225251e-01 1.3950406687476649e-01
9.6023090052042648e-01 1.3891853512463428e-01
9.6025329405563953e-01 1.3833510565372584e-01
9.6027555850513469e-01 1.3775377038705752e-01
9.6029769438345669e-01 1.3717452129055124e-01
9.6018584830001041e-01 1.3712790854446213e-01
9.6020774595155722e-01 1.3655251882253225e-01
9.6022951691334901e-01 1.3597918572386711e-01
9.6025116168637636e-01 1.3540790142195369e-01
9.6027268076903882e-01 1.3483865812955481e-01
9.6015964570664125e-01 1.3480317407249084e-01
9.6018093398983162e-01 1.3423767294584454e-01
9.6020209840178739e-01 1.3367418424328767e-01
9.6022313942790760e-01 1.3311270037681339e-01
9.6024405755110565e-01 1.3255321379613444e-01
9.6012985314668953e-01 1.3252849433954420e-01
9.6015054764110042e-01 1.3197263670254872e-01
9.6017112099203217e-01 1.3141874868791437e-01
9.6019157366992469e-01 1.3086682293664847e-01
9.6007631638775981e-01 1.3085093367672260e-01
9.6009655111816272e-01 1.3030254706938815e-01
9.6011666688741581e-01 1.2975609579776215e-01
9.6013666415390941e-01 1.2921157268778113e-01
9.6015654337372247e-01 1.2866897060044677e-01
9.6004014919847513e-01 1.2866322417524084e-01
9.6005981720187572e-01 1.2812405484772618e-01
9.6007936881523137e-01 1.2758678046979810e-01
9.6009880448305118e-01 1.2705139408014735e-01
9.6011812464762614e-01 1.2651788875116693e-01
9.6000061073168619e-01 1.2652195866471205e-01
9.6001972618416498e-01 1.2599178324093355e-01
9.6003872773702881e-01 1.2546346362514238e-01
9.6005761582145510e-01 1.2493699306052435e-01
9.6007639086648966e-01 1.2441236482268149e-01
9.5995777355330536e-01 1.2442593681314607e-01
9.5997635017334959e-01 1.2390453900891954e-01
9.5999481530676645e-01 1.2338495906657655e-01
9.6001316937192249e-01 1.2286719042594459e-01
9.6003141278513549e-01 1.2235122655803418e-01
9.5991170764312794e-01 1.2237399806869435e-01
9.5992975871032094e-01 1.2186116840658695e-01
9.5994770062950519e-01 1.2135011980908141e-01
9.5996553380673233e-01 1.2084084590515222e-01
9.5984483485105065e-01 1.2087123608277800e-01
9.5986248050079404e-01 1.2036502003096626e-01
9.5988001887358720e-01 1.1986055556890034e-01
9.5989745036554752e-01 1.1935783647849739e-01
9.5991477537088632e-01 1.1885685657073591e-01
9.5979301404688799e-01 1.1889592961159685e-01
9.5981015724647900e-01 1.1839791690191724e-01
9.5982719537910377e-01 1.1790162097473088e-01
9.5984412882941761e-01 1.1740703578821834e-01
9.5986095798024140e-01 1.1691415532854858e-01
9.5973814783463551e-01 1.1696163904188919e-01
9.5975480071661612e-01 1.1647163801182524e-01
9.5977135067518271e-01 1.1598331998508117e-01
9.5978779808396220e-01 1.1549667908954744e-01
9.5980414331481334e-01 1.1501170948008579e-01
9.5968029723336301e-01 1.1506734159414037e-01
9.5969647155493210e-01 1.1458516641614237e-01
9.5971254503275982e-01 1.1410464145150717e-01
9.5972851802985648e-01 1.1362576099158994e-01
9.5974439090753116e-01 1.1314851935372819e-01
9.5961952114132221e-01 1.1321204710326033e-01
9.5963522829906012e-01 1.1273751755927940e-01
9.5965083663128126e-01 1.1226460639085070e-01
9.5966634649077576e-01 1.1179330804681172e-01
9.5968175822869373e-01 1.1132361700104887e-01
9.5955587641907780e-01 1.1139479673516640e-01
9.5957112746297557e-01 1.1092773800164850e-01
9.5958628164045723e-01 1.1046226672261096e-01
9.5960133929446734e-01 1.0999837749867072e-01
9.5947451702259234e-01 1.1007598201384064e-01
9.5948941796865184e-01 1.0961466176373437e-01
9.5950422361549204e-01 1.0915490420646982e-01
9.5951893429810531e-01 1.0869670406555533e-01
9.5953355034995125e-01 1.0824005608793144e-01
9.5940573472016522e-01 1.0832489678988656e-01
9.5942019880890816e-01 1.0787074240480461e-01
9.5943456945502237e-01 1.0741812138314237e-01
9.5944884698430299e-01 1.0696702859034590e-01
9.5946303172106784e-01 1.0651745891446480e-01
9.5933423277479146e-01 1.0660931588306630e-01
9.5934827014738044e-01 1.0616216670417258e-01
9.5936221588082260e-01 1.0571652238408782e-01
9.5937607029204863e-01 1.0527237792516428e-01
9.5938983369656339e-01 1.0482972835157384e-01
9.5926006094973593e-01 1.0492838945043541e-01
9.5927368144873104e-01 1.0448808947669593e-01
9.5928721206089906e-01 1.0404926665223431e-01
9.5930065309462098e-01 1.0361191611150865e-01
9.5931400485690266e-01 1.0317603301003928e-01
9.5918326731948922e-01 1.0328129357748650e-01
9.5919648050003048e-01 1.0284769129377101e-01
9.5920960549675960e-01 1.0241553921645800e-01
9.5922264260981005e-01 1.0198483260751129e-01
9.5923559213798903e-01 1.0155556674923395e-01
9.5910389833253318e-01 1.0166722930386292e-01
9.5911671347302085e-01 1.0124017751665033e-01
9.5912944208518147e-01 1.0081454973243019e-01
9.5914208446119187e-01 1.0039034133626597e-01
9.5915464089194702e-01 9.9967547732868686e-02
9.5902199887122597e-01 1.0008542169290036e-01
9.5903442498352365e-01 9.9664777373202160e-02
9.5904676617714912e-01 9.9245531566525921e-02
9.5905902273659915e-01 9.8827679776817154e-02
9.5907119494513215e-01 9.8411217527005782e-02
9.5893761230895691e-01 9.8535118942718783e-02
9.5894965814814515e-01 9.8120743075843911e-02
9.5896162063411061e-01 9.7707740920547764e-02
9.5897350004393500e-01 9.7296108095616202e-02
9.5898529665350463e-01 9.6885840238182100e-02
9.5885078056471473e-01 9.7015591536722096e-02
9.5886245463841602e-01 9.6607348978541202e-02
9.5887404688169420e-01 9.6200455995163095e-02
9.5888555756447047e-01 9.5794908316339161e-02
9.5889698695551018e-01 9.5390701689562596e-02
9.5876154415520265e-01 9.5526131431487277e-02
9.5877285473250140e-01 9.5123890770863584e-02
9.5878408496101653e-01 9.4722976190076302e-02
9.5879523510375098e-01 9.4323383526134591e-02
9.5880630542259171e-01 9.3925108633197807e-02
9.5866994224462543e-01 9.4066051280142199e-02
9.5868089736460393e-01 9.3669684707219744e-02
9.5869177357770252e-01 9.3274621339081210e-02
9.5870257114024071e-01 9.2880857116426005e-02
9.5871329030745778e-01 9.2488387996547100e-02
9.5857601269227266e-01 9.2634683689427913e-02
9.5858662017217733e-01 9.2244066869502941e-02
9.5859715014873781e-01 9.1854730978221277e-02
9.5860760287181268e-01 9.1466672056561657e-02
9.5861797859021669e-01 9.1079886161554227e-02
9.5847979209799894e-01 9.1231380508786541e-02
9.5849005954106303e-01 9.0846392461459716e-02
9.5850025084725921e-01 9.0462663645420868e-02
9.5851036626019970e-01 9.0080190198646423e-02
9.5852040602248767e-01 8.9698968274646795e-02
9.5838131584571917e-01 8.9855512149846994e-02
9.5839125064865294e-01 8.9476035133223414e-02
9.5840111064539024e-01 8.9097796210005770e-02
9.5841089607350327e-01 8.8720791612021080e-02
9.5842060716958777e-01 8.8345017586133112e-02
9.5828061814500776e-01 8.8506466934836353e-02
9.5829022750517445e-01 8.8132386334514146e-02
9.5829976335521538e-01 8.7759523230659317e-02
9.5830922592686019e-01 8.7387873945927369e-02
9.5831861545089359e-01 8.7017434817534767e-02
9.5832793215715961e-01 8.6648202197185581e-02
9.5818702299319658e-01 8.6814854695093854e-02
9.5819624166798922e-01 8.6447256340401443e-02
9.5820538832135682e-01 8.6080851818981896e-02
9.5821446317846126e-01 8.5715637555518476e-02
9.5822346646355394e-01 8.5351609988727012e-02
9.5808166890543733e-01 8.5522865431169381e-02
9.5809057719166135e-01 8.5160423657301546e-02
9.5809941468127502e-01 8.4799156234154960e-02
9.5810818159399802e-01 8.4439059671109581e-02
9.5811687814866864e-01 8.4080130491139077e-02
9.5797419598096090e-01 8.4255859776473499e-02
9.5798280048680662e-01 8.3898469219657726e-02
9.5799133538975545e-01 8.3542234018023964e-02
9.5799980090425962e-01 8.3187150762983789e-02
9.5800819724391617e-01 8.2833216059124165e-02
9.5786463393983823e-01 8.3013294436847046e-02
9.5787294110102850e-01 8.2660852444491825e-02
9.5788117982294907e-01 8.2309547283143977e-02
9.5788935031495004e-01 8.1959375623688310e-02
9.5789745278555538e-01 8.1610334149775393e-02
9.5775301151634917e-01 8.1794641067196930e-02
9.5776102760191895e-01 8.1447047608234777e-02
9.5776897638273284e-01 8.1100572912433957e-02
9.5777685806320034e-01 8.0755213727688457e-02
9.5778467284693025e-01 8.0410966814268070e-02
9.5763935649079102e-01 8.0599385769784940e-02
9.5764708760863404e-01 8.0256543348565829e-02
9.5765475252805776e-01 7.9914802064536508e-02
9.5766235144868517e-01 7.9574158740231646e-02
9.5766988456936319e-01 7.9234610210186213e-02
9.5752369571996332e-01 7.9427028612823955e-02
9.5753114782215887e-01 7.9088842186396904e-02
9.5753853480499296e-01 7.8751739699167864e-02
9.5754585686345084e-01 7.8415718046031244e-02
9.5755311419176459e-01 7.8080774133522990e-02
9.9388753363695204e-01 4.7578600388403801e-02
9.5741323405431666e-01 7.7943460067084247e-02
9.5742034887552607e-01 7.7610904121535693e-02
9.5742739982050773e-01 7.7279412296868091e-02
9.5743438707902129e-01 7.6948981569435165e-02
9.5744131084009998e-01 7.6619608926829758e-02
9.5729337125558522e-01 7.6819925919955262e-02
9.5730021954518041e-01 7.6491826544929920e-02
9.5730700498125010e-01 7.6164774977216479e-02
9.5731372774921808e-01 7.5838768260889144e-02
9.5732038803380337e-01 7.5513803450926426e-02
9.5717158354177512e-01 7.5717781235319831e-02
9.5717817078950151e-01 7.5394050670655521e-02
9.5718469618175273e-01 7.5071351987084117e-02
9.5719115989974823e-01 7.4749682294376465e-02
9.5719756212402363e-01 7.4429038712887238e-02
9.5704789421961822e-01 7.4636579658167640e-02
9.5705422577946542e-01 7.4317132284524426e-02
9.5706049645800029e-01 7.3998701241268325e-02
9.5706670643236358e-01 7.3681283701920966e-02
9.5707285587903335e-01 7.3364876850277261e-02
9.9331177571330254e-01 5.3433962684423464e-02
9.5692840690585967e-01 7.3260638869139319e-02
9.5693442807009377e-01 7.2946392284292713e-02
9.5694038947720983e-01 7.2633144078642742e-02
9.5694629129974884e-01 7.2320891497560630e-02
9.5695213370961074e-01 7.2009631796348589e-02
9.5680073580267888e-01 7.2224149231274390e-02
9.5680651252548432e-01 7.1914005920313884e-02
9.5681223041589736e-01 7.1604846215176626e-02
9.5681788964263859e-01 7.1296667421010596e-02
9.5682349037380687e-01 7.0989466852608735e-02
9.5667123336958626e-01 7.1207253143661858e-02
9.5667677060127554e-01 7.0901133857330240e-02
9.5668224990364714e-01 7.0595983744279708e-02
9.5668767144171429e-01 7.0291800167701618e-02
9.5669303537988593e-01 6.9988580500157313e-02
9.9287244966286636e-01 5.5954417011409942e-02
9.5654522236563544e-01 6.9907378365059697e-02
9.5655046789055498e-01 6.9606160801004402e-02
9.5655565652964669e-01 6.9305895727961003e-02
9.5656078844373782e-01 6.9006580574595869e-02
9.9273601388471233e-01 5.7999775089435046e-02
9.5641188719836034e-01 6.8932351945877865e-02
9.5641690364201104e-01 6.8634991695836797e-02
9.5642186405804486e-01 6.8338570210684124e-02
9.5642676860381071e-01 6.8043084973590906e-02
9.5643161743608984e-01 6.7748533476534756e-02
9.5627678381062464e-01 6.7975677018252037e-02
9.5628157575831441e-01 6.7682100600225670e-02
9.5628631251693408e-01 6.7389449530953771e-02
9.5629099424045416e-01 6.7097721346563652e-02
9.5629562108229449e-01 6.6806913591742872e-02
9.9243375677799028e-01 5.9014848980049765e-02
9.5614450219351643e-01 6.6747121243972821e-02
9.5614901975347055e-01 6.6458169109422482e-02
9.5615348309450621e-01 6.6170126796055787e-02
9.5615789236677684e-01 6.5882991899786927e-02
9.8979878628893858e-01 1.0864898506804926e-02
9.5600570027352449e-01 6.5829696623966788e-02
9.5601000298992189e-01 6.5544373582959420e-02
9.5601425228514936e-01 6.5259947590273107e-02
9.5601844830618743e-01 6.4976416291614547e-02
9.5602259119949828e-01 6.4693777340749214e-02
9.5586518671350229e-01 6.4929478723769932e-02
9.5586927884094708e-01 6.4647716526070320e-02
9.5587331832707478e-01 6.4366838886321581e-02
9.5587730531578186e-01 6.4086843498641466e-02
9.5588123995046104e-01 6.3807728064984873e-02
9.9176675048964791e-01 4.3406125066213268e-02
9.5572686333020718e-01 6.3767860182630351e-02
9.5573069714697889e-01 6.3490464463683546e-02
9.5573447922580590e-01 6.3213938827954480e-02
9.5573820970709733e-01 6.2938281024259163e-02
9.5574188873077437e-01 6.2663488809004020e-02
9.5558277190633123e-01 6.2904475207501573e-02
9.5558640409942186e-01 6.2630496467501934e-02
9.5558998529724670e-01 6.2357375907253362e-02
9.5559351563731432e-01 6.2085111321148675e-02
9.5559699525665820e-01 6.1813700510968551e-02
9.9159563893281022e-01 5.2009514855279618e-02
9.5544045398207622e-01 6.1786615161254950e-02
9.5544383823697920e-01 6.1516836439111135e-02
9.5544717235766441e-01 6.1247902089909149e-02
9.5545045647835780e-01 6.0979809959568684e-02
9.9145155629988402e-01 5.2479388337987355e-02
9.5529286105038935e-01 6.0958508688431730e-02
9.5529605221232938e-01 6.0692009964177160e-02
9.5529919394781193e-01 6.0426344261186545e-02
9.5530228638833203e-01 6.0161509468327982e-02
9.5530532966493720e-01 5.9897503481436798e-02
9.9139523740889823e-01 6.7102493769752025e-02
9.5514664086508194e-01 5.9882593632935951e-02
9.5514959396444621e-01 5.9620136335228856e-02
9.5515249845861550e-01 5.9358498880380819e-02
9.5515535447599309e-01 5.9097679205838728e-02
9.8835533527143038e-01 1.1966596375739883e-02
9.5499561732495331e-01 5.9088291985681371e-02
9.5499838545466464e-01 5.8828984163251254e-02
9.5500110565411289e-01 5.8570485351217096e-02
9.5500377804912795e-01 5.8312793527531118e-02
9.5500640276511750e-01 5.8055906676721829e-02
9.9109623159892646e-01 7.0383763783040135e-02
9.5484558096884686e-01 5.8052600736617603e-02
9.5484812044538736e-01 5.7797183139191154e-02
9.5485061277549721e-01 5.7542561965472555e-02
9.5485305808209142e-01 5.7288735239250786e-02
9.9095519375955898e-01 6.8775535082864728e-02
9.5469119257304091e-01 5.7290705983522060e-02
9.5469355482096385e-01 5.7038313403474435e-02
9.5469587056649863e-01 5.6786706903637879e-02
9.5469813993013308e-01 5.6535884546034004e-02
9.5470036303195704e-01 5.6285844398896265e-02
9.8897283223556576e-01 2.1803461223489126e-02
9.5453742029916888e-01 5.6293604009152926e-02
9.5453956286553310e-01 5.6044957397332465e-02
9.5454165967809790e-01 5.5797084836657976e-02
9.5454371085460110e-01 5.5549984432437152e-02
9.9066069233409382e-01 7.4676737001589610e-02
9.5437972793952064e-01 5.5562789339187929e-02
9.5438170065932104e-01 5.5317048986311033e-02
9.5438362824027556e-01 5.5072072801934185e-02
9.5438551079783107e-01 5.4827858927478594e-02
9.5438734844705864e-01 5.4584405510240686e-02
9.9049740342263626e-01 7.5916539856753965e-02
9.5422229448879270e-01 5.4602723514440683e-02
9.5422405608720784e-01 5.4360591404671116e-02
9.5422577326215363e-01 5.4119211960249568e-02
9.5422744612648080e-01 5.3878583363505879e-02
9.5422907479267371e-01 5.3638703802474867e-02
9.5406135445956852e-01 5.3901728955640188e-02
9.5406295325610135e-01 5.3662389706681232e-02
9.5406450821670352e-01 5.3423793675114059e-02
9.5406601945206115e-01 5.3185939077409088e-02
9.5406748707250566e-01 5.2948824135595214e-02
9.9019784964370372e-01 7.7352606226923665e-02
9.5390032936084945e-01 5.2977222701777613e-02
9.5390172520919747e-01 5.2741360118591166e-02
9.5390307790567008e-01 5.2506229746031911e-02
9.5390438755849927e-01 5.2271829839263512e-02
9.5390565427557195e-01 5.2038158658847290e-02
9.9003520566583991e-01 7.9699907815654586e-02
9.5373743337551842e-01 5.2071673079085841e-02
9.5373863055916608e-01 5.1839218176641527e-02
9.5373978525880554e-01 5.1607484734658329e-02
9.5374089758028757e-01 5.1376471045861273e-02
9.8814142037616548e-01 2.6491767790076115e-02
9.5357164144893780e-01 5.1414499932118579e-02
9.5357268608355983e-01 5.1184672735852609e-02
9.5357368878248017e-01 5.0955558174697997e-02
9.5357464964956451e-01 5.0727154572739117e-02
9.5357556878835181e-01 5.0499460259174025e-02
9.8973592870499527e-01 8.0852619790693220e-02
9.5340525275783372e-01 5.0542367201037920e-02
9.5340610634824596e-01 5.0315824896344750e-02
9.5340691864216076e-01 5.0089984931417884e-02
9.5340768974119028e-01 4.9864845665908653e-02
9.5340841974662949e-01 4.9640405464438118e-02
9.8944341125711865e-01 6.5131058174373618e-02
9.5323704579292812e-01 4.9688064877920185e-02
9.5323771233656707e-01 4.9464743029485711e-02
9.5323833820808279e-01 4.9242113460832418e-02
9.5323892350689954e-01 4.9020174566160979e-02
9.8942717307533778e-01 7.8928898238068423e-02
9.8941083743661495e-01 8.4255750217795078e-02
9.5306703813907356e-01 4.8851214853139639e-02
9.5306752153883767e-01 4.8631050530217490e-02
9.5306796487646483e-01 4.8411568655529223e-02
9.5306836824925489e-01 4.8192767656842286e-02
9.8927534610742462e-01 8.5720615859292110e-02
9.5289490309153291e-01 4.8249191334752584e-02
9.5289524672034454e-01 4.8031448682551485e-02
9.5289555078751698e-01 4.7814380412994392e-02
9.5289581538857804e-01 4.7597984981885506e-02
9.5289604061876376e-01 4.7382260849611876e-02
9.8911274536259142e-01 8.6977515278311143e-02
9.5272152038399938e-01 4.7443104521292856e-02
9.5272168781821487e-01 4.7228407290905175e-02
9.5272181627527985e-01 4.7014375016870572e-02
9.5272190584870886e-01 4.6801006186824805e-02
9.5272195663173231e-01 4.6588299292859230e-02
9.8895021460623811e-01 8.8161114829270859e-02
9.5254638219978494e-01 4.6653451391229228e-02
9.5254637708901202e-01 4.6441740686427271e-02
9.5254633357236607e-01 4.6230685721692262e-02
9.5254625174140561e-01 4.6020285015602770e-02
9.8881484474418291e-01 8.9240963793011274e-02
9.8863047641079194e-01 6.8965395842060351e-02
9.5236950367068862e-01 4.5879889425048594e-02
9.5236932958067644e-01 4.5671107686096037e-02
9.5236911764324261e-01 4.5462972674905740e-02
9.5236886794804299e-01 4.5255482940144677e-02
9.8865106848398698e-01 8.8665882651830494e-02
9.5219120152901793e-01 4.5328633063442092e-02
9.5219089933368828e-01 4.5122084687380493e-02
9.5219055974886047e-01 4.4916175651142948e-02
9.5219018286260493e-01 4.4710904528537238e-02
9.5218976876273032e-01 4.4506269897488265e-02
9.8849020340420823e-01 9.2031217027797554e-02
9.5201104796680069e-01 4.4583433599086647e-02
9.5201058314649334e-01 4.4379711570879679e-02
9.5201008147238775e-01 4.4176620232359597e-02
9.5200954303075025e-01 4.3974158185904298e-02
9.5200896790759160e-01 4.3772324037899185e-02
9.8193655958872306e-01 6.1160721018840162e-03
9.5182919260696008e-01 4.3853402201798626e-02
9.5182856850248543e-01 4.3652452549551808e-02
9.5182790806810869e-01 4.3452125124780465e-02
9.5182721138834137e-01 4.3252418557656984e-02
9.5182647854744706e-01 4.3053331482254598e-02
9.8672866976259266e-01 3.9053949869769247e-02
9.5164564836749954e-01 4.3138227998825759e-02
9.5164486824507089e-01 4.2939997941126858e-02
9.5164405230516769e-01 4.2742381831362648e-02
9.5164320063059438e-01 4.2545378326750920e-02
9.8803076684051439e-01 9.5330041326775611e-02
9.7621533884884037e-01 2.6630466399043333e-05
9.5146042762803551e-01 4.2437607766913993e-02
9.5145949468147162e-01 4.2242045678100998e-02
9.5145852641871398e-01 4.2047089435278892e-02
9.5145752292090768e-01 4.1852737721984293e-02
9.8786883820491911e-01 9.6999403976130230e-02
9.8784080847913436e-01 9.5394184736367307e-02
9.5127354224312688e-01 4.1751245710452613e-02
9.5127245959597417e-01 4.1558301087091458e-02
9.5127134212307518e-01 4.1365954380469819e-02
9.5127018990395951e-01 4.1174204299743611e-02
9.8770662096312833e-01 9.7304945890943975e-02
9.8767995042345302e-01 9.8363575977296280e-02
9.5108500355507963e-01 4.1078853247640545e-02
9.5108377426266322e-01 4.0888476676157470e-02
9.5108251062441518e-01 4.0698690260117756e-02
9.5108121271829282e-01 4.0509492733619416e-02
9.8754143954576279e-01 9.6098255248187478e-02
9.8751802916582820e-01 9.9197324340452017e-02
9.5089482240625500e-01 4.0420148804337017e-02
9.5089344945765564e-01 4.0232291929763707e-02
9.5089204263289817e-01 4.0045017612714992e-02
9.5089060200840947e-01 3.9858324611574292e-02
9.8738336312372144e-01 1.0073117951333113e-01
9.8712419727893097e-01 7.4714567107484878e-02
9.5070300915089423e-01 3.9774857615293327e-02
9.5070149547085980e-01 3.9589473111077980e-02
9.5069994837438021e-01 3.9404663725419078e-02
9.5069836793639295e-01 3.9220428240351511e-02
9.8706661068314550e-01 8.0177756578923398e-02
9.8719471933505309e-01 1.0198655468465308e-01
9.5050957366648503e-01 3.9142711532459552e-02
9.5050792211727408e-01 3.8959753071301895e-02
9.5050623760164255e-01 3.8777362444403267e-02
9.5050452019307785e-01 3.8595538456836914e-02
9.8705994871245295e-01 1.0270789973305529e-01
9.8703320682202489e-01 1.0364042939163322e-01
9.5031452536468342e-01 3.8523448840087793e-02
9.5031273874784705e-01 3.8342871065755277e-02
9.5031091960518943e-01 3.8162853991917538e-02
9.5030906800878556e-01 3.7983396446091541e-02
9.8689694453256593e-01 1.0234570966618220e-01
9.8668368607370804e-01 8.0568374980699131e-02
9.5011787320181096e-01 3.7916814076354874e-02
9.5011595425991413e-01 3.7738572576446479e-02
9.5011400322362427e-01 3.7560884789796897e-02
9.5011202016364027e-01 3.7383749565793253e-02
9.8673431787166732e-01 1.0286130037987845e-01
9.8671031143118659e-01 1.0626247926328496e-01
9.4991962568894261e-01 3.7322557861252041e-02
9.4991757710722780e-01 3.7146609140865330e-02
9.4991549685362220e-01 3.6971207289158710e-02
9.4991338499748457e-01 3.6796351176830937e-02
9.8407650292717430e-01 3.3641204909877806e-02
9.8654892170604458e-01 1.0712816734436963e-01
9.4971979090160163e-01 3.6740436730490753e-02
9.4971761530959564e-01 3.6566738186763731e-02
9.4971540845951352e-01 3.6393579806045663e-02
9.4971317041940795e-01 3.6220960479809335e-02
9.8641456421397533e-01 1.0829841344879096e-01
9.8638772140276643e-01 1.0867911445462790e-01
9.4951837648907589e-01 3.6170212975188659e-02
9.4951607646214442e-01 3.5998722872676983e-02
9.4951374558249335e-01 3.5827766362784806e-02
9.4951138391690304e-01 3.5657342357236270e-02
9.7776755097611312e-01 4.9990647890558503e-03
9.8178012906607293e-01 1.9857775022160813e-02
9.4931538968337004e-01 3.5611654487113092e-02
9.4931296774422025e-01 3.5442331933974960e-02
9.4931051534947208e-01 3.5273536534836530e-02
9.4930803256466578e-01 3.5105267221167233e-02
9.7968682652335282e-01 1.1156996821952802e-02
9.8602682123853325e-01 9.9600483952486496e-02
9.4911083730780843e-01 3.5064534609266174e-02
9.4910829592794144e-01 3.4897339534220431e-02
9.4910572448157804e-01 3.4730665302923958e-02
9.4910312303304856e-01 3.4564510866102544e-02
9.4910049164651178e-01 3.4398875177200562e-02
9.8590436488434174e-01 1.1214316905699619e-01
9.4890472578529861e-01 3.4528631991605961e-02
9.4890206738641647e-01 3.4363525121634729e-02
9.4889937930232782e-01 3.4198932910240669e-02
9.4889666159618458e-01 3.4034854326929015e-02
9.4889391433097015e-01 3.3871288343859995e-02
9.8561168969252921e-01 9.2434980585494209e-02
9.8571671543619255e-01 1.1416204589889736e-01
9.4869428810163670e-01 3.3840673290476936e-02
9.4869148574547513e-01 3.3678124724539786e-02
9.4868865413979009e-01 3.3516083741721367e-02
9.4868579334641967e-01 3.3354549332437061e-02
9.8482329650166300e-01 6.7251989892913144e-02
9.8555567094328145e-01 1.1464000240918096e-01
9.4848496367206026e-01 3.3328573647145365e-02
9.4848204936254976e-01 3.3168031104924930e-02
9.4847910616866127e-01 3.3007990219211393e-02
9.4847613415111565e-01 3.2848449998232193e-02
9.8542175821474720e-01 1.1584774706497489e-01
9.8539511729006435e-01 1.1673229431032441e-01
9.4827409931989481e-01 3.2827020680830855e-02
9.4827107533009813e-01 3.2668447273159963e-02
9.4826802281387179e-01 3.2510369710757422e-02
9.4826494183084742e-01 3.2352787019230451e-02
9.8196719064584836e-01 3.1787904282035991e-02
9.8522755275652008e-01 1.1287576209874063e-01
9.4806169989809008e-01 3.2335813638543189e-02
9.4805856845663627e-01 3.2179173189334206e-02
9.4805540883968675e-01 3.2023022886638913e-02
9.4805222110581011e-01 3.1867361773027347e-02
9.4804900531342240e-01 3.1712188893471147e-02
9.8507381301090668e-01 1.1908177088283796e-01
9.8504705381572799e-01 1.1929520977592288e-01
9.4784453318932504e-01 3.1700013431716509e-02
9.4784126865019813e-01 3.1545755016521432e-02
9.4783797633720335e-01 3.1391980217897048e-02
9.4783465630772290e-01 3.1238688097316017e-02
9.8466887578930828e-01 9.0998079530174136e-02
9.8488604046765893e-01 1.1942081283060574e-01
9.4762897362037801e-01 3.1230777080647566e-02
9.4762560629569548e-01 3.1078375853933082e-02
9.4762221153356352e-01 3.0926452777853872e-02
9.4761878939035549e-01 3.0775006929991192e-02
9.8475286713545640e-01 1.2180391336193605e-01
9.8472325170040231e-01 1.1871951249521477e-01
9.4741189349321020e-01 3.0771277606318655e-02
9.4740842547877901e-01 3.0620699524609416e-02
9.4740493035684159e-01 3.0470594231557100e-02
9.4740140818278640e-01 3.0320960820471320e-02
9.8313754076473925e-01 5.7843338391132440e-02
9.8456578978149767e-01 1.2340901028225039e-01
9.8099640286157175e-01 3.2636186643494373e-02
9.4718972956022363e-01 3.0172544418564089e-02
9.4718613612823310e-01 3.0024223604923315e-02
9.4718251596679159e-01 2.9876369428046109e-02
9.4717886913018934e-01 2.9728980998779346e-02
9.8431192410680868e-01 1.0552437078430145e-01
9.8437880741923212e-01 1.2479178498613556e-01
9.4696952156460434e-01 2.9733733085750284e-02
9.4696583183376937e-01 2.9587164067309695e-02
9.4696211569001409e-01 2.9441056539021793e-02
9.4695837318669263e-01 2.9295409626685275e-02
9.8386796275308641e-01 8.8978630796040320e-02
9.7154318842406273e-01 1.5019654657406443e-03
9.4674780418568794e-01 2.9304092135185325e-02
9.4674402012967862e-01 2.9159242831140166e-02
9.4674020997129316e-01 2.9014849966848666e-02
9.4673637376297215e-01 2.8870912682714103e-02
9.4673251155702565e-01 2.8727430121213288e-02
9.8405640681999851e-01 1.2448759802789669e-01
9.8402972673592082e-01 1.2469551762189116e-01
9.4652070334752347e-01 2.8740291054853748e-02
9.4651680110577208e-01 2.8597581455549820e-02
9.4651287311789667e-01 2.8455322494172940e-02
9.4650891943531790e-01 2.8313513327421217e-02
9.8389793933568426e-01 1.2722001774829386e-01
9.7398252701821175e-01 6.0889797832986269e-03
9.4629588349912286e-01 2.8330143749054400e-02
9.4629189106978995e-01 2.8189086586337106e-02
9.4628787319246610e-01 2.8048475210648401e-02
9.4628382991770343e-01 2.7908308792582381e-02
9.8298594814059903e-01 7.8880666634367935e-02
9.8019362575226776e-01 3.6306332444197467e-02
9.8366725916859066e-01 1.2167118138659454e-01
9.4606548152556624e-01 2.7789204687300426e-02
9.4606137561446790e-01 2.7650210714142160e-02
9.4605724459767349e-01 2.7511656950452039e-02
9.4605308852476533e-01 2.7373542582334924e-02
9.8254141264154149e-01 7.3122065989210325e-02
9.8352538318788318e-01 1.3132260660410344e-01
9.4583757382568467e-01 2.7397778746064142e-02
9.4583338170293330e-01 2.7260372532157951e-02
9.4582916476083922e-01 2.7123401866317634e-02
9.4582492304815780e-01 2.6986865947878146e-02
9.8339221434280222e-01 1.3225887605334266e-01
9.8334293607998835e-01 1.2306377142321709e-01
9.8332588974892343e-01 1.2562554060916761e-01
9.4560389247240006e-01 2.6878807753635395e-02
9.4559959138916694e-01 2.6743391153346108e-02
9.4559526581563080e-01 2.6608404736705654e-02
9.4559091579962362e-01 2.6473847717821634e-02
9.8320596089538692e-01 1.3397992572223663e-01
9.7945725288770324e-01 3.6736178517433257e-02
9.4537290863698675e-01 2.6505366947637738e-02
9.4536852516502901e-01 2.6371475891668879e-02
9.4536411747793303e-01 2.6238010538049993e-02
9.4535968562274508e-01 2.6104970113491083e-02
9.7676418222552841e-01 2.0258109407591367e-02
9.8301854315016945e-01 1.3343079342506486e-01
9.8299308022429421e-01 1.3529335942145007e-01
9.4513596647507037e-01 2.6007510550109077e-02
9.4513147839088374e-01 2.5875538317117371e-02
9.4512696640800276e-01 2.5743986624751265e-02
9.4512243057259371e-01 2.5612854713800065e-02
9.8284820516042326e-01 1.2967139041509834e-01
9.8283344850229959e-01 1.3622989461585130e-01
9.8238999311434727e-01 9.6925070078108272e-02
9.4489734861904084e-01 2.5520846339740107e-02
9.4489275819001728e-01 2.5390755999620779e-02
9.4488814417224987e-01 2.5261081142906976e-02
9.4488350661104792e-01 2.5131821024113141e-02
9.8267300240575828e-01 1.3614170564143635e-01
9.8264771881059443e-01 1.3868955209726688e-01
9.4466172793920100e-01 2.5173796099480349e-02
9.4465706071639499e-01 2.5045140201910114e-02
9.4465237016389436e-01 2.4916895566087446e-02
9.4464765632627823e-01 2.4789061458240020e-02
9.8251256527513897e-01 1.3651664334773805e-01
9.8248839196877258e-01 1.4001870093433244e-01
9.8245843537986643e-01 1.3627558731303152e-01
9.4441987345104084e-01 2.4707004341043205e-02
9.4441510798307626e-01 2.4580163549679377e-02
9.4441031948370591e-01 2.4453729150702840e-02
9.4440550799669210e-01 2.4327700423433265e-02
9.8217937407263856e-01 1.1575061433023497e-01
9.8230260672952074e-01 1.4150412611404511e-01
9.8227602182950879e-01 1.4127828859108549e-01
9.4417635678549883e-01 2.4250753726522006e-02
9.4417149521148513e-01 2.4125693178355237e-02
9.4416661089833798e-01 2.4001034250155828e-02
9.4416170388902332e-01 2.3876776234012582e-02
9.8214344685734278e-01 1.4277667122874657e-01
9.8211691137216672e-01 1.4277024207940206e-01
9.4393611544999967e-01 2.3928537730587746e-02
9.4393118236158202e-01 2.3804825608333496e-02
9.4392622677815574e-01 2.3681511125103378e-02
9.4392124874200767e-01 2.3558593583886026e-02
9.7219942969457973e-01 9.9461373311983195e-03
9.8036906251640743e-01 7.0024351952246502e-02
9.8179581383862791e-01 1.1983895191727677e-01
9.4368937951258502e-01 2.3491001435118064e-02
9.4368435418862051e-01 2.3369006463791201e-02
9.4367930665110922e-01 2.3247404533412033e-02
9.4367423694157793e-01 2.3126194959160462e-02
9.8179878064483994e-01 1.4494315662413343e-01
9.6958620224516390e-01 5.0150651882078555e-03
9.8171780113459017e-01 1.3441391224426863e-01
9.4344099141213289e-01 2.3063398537982810e-02
9.4343587587334854e-01 2.2943087763649027e-02
9.4343073839689673e-01 2.2823165522228479e-02
9.4342557902356261e-01 2.2703631140796827e-02
9.8161328049514629e-01 1.4609294507553430e-01
9.8122983135999242e-01 1.0806963988723660e-01
9.4319613646352507e-01 2.2764568417064666e-02
9.4319095439879508e-01 2.2645524743400338e-02
9.4318575062668253e-01 2.2526865845165427e-02
9.4318052518734130e-01 2.2408591059591705e-02
9.8145465270791576e-01 1.4822441702341929e-01
9.6569158080072059e-01 1.1494677799416698e-03
9.7670131576385322e-01 3.5922853903506004e-02
9.4294453995291871e-01 2.2354599672770877e-02
9.4293927133233224e-01 2.2237180516442190e-02
9.4293398127020789e-01 2.2120141789517135e-02
9.4292866980599099e-01 2.2003482840594009e-02
9.8126944375718705e-01 1.4953473952644378e-01
9.7548770264800766e-01 2.9192431899430448e-02
9.8121567946704968e-01 1.4813203097203775e-01
9.4269129795344453e-01 2.1953996791927721e-02
9.4268594468835520e-01 2.1838170964106590e-02
9.4268057024238572e-01 2.1722721303404215e-02
9.4267517465429107e-01 2.1607647169514313e-02
9.7639203996184254e-01 3.7245827527774888e-02
9.8105793232801297e-01 1.5131734510478595e-01
9.8028958932123622e-01 9.6385225208897793e-02
9.4243641259881417e-01 2.1562568822717797e-02
9.4243097656428976e-01 2.1448305720450620e-02
9.4242551960448662e-01 2.1334414604691286e-02
9.4242004175748584e-01 2.1220894845967040e-02
9.7033891160101471e-01 1.0094073193029384e-02
9.6788666197529227e-01 4.9568890225216919e-03
9.8084655752027616e-01 1.5314577113651401e-01
9.4217988564929056e-01 2.1180129244886218e-02
9.4217436868508009e-01 2.1067398835629154e-02
9.4216883104626203e-01 2.0955036311939949e-02
9.4216327277025946e-01 2.0843041054924641e-02
9.8065294271274106e-01 1.3679780950883752e-01
9.8068664895335655e-01 1.5172298680094209e-01
9.7764272620419190e-01 5.5397614520103576e-02
9.4192171849716566e-01 2.0806495862072092e-02
9.4191612240863631e-01 2.0695268668703210e-02
