0.9440942960794431 0.5653982920827583
0.9442889832793948 0.5632376578277433
0.9444728052183977 0.559076499319943
0.9446598393402263 0.5559480960195763
0.9448360409695715 0.5518972704298513
0.9450295599758586 0.549757782934973
0.9452005518718533 0.5457854586079559
0.945393569694388 0.5436530044469676
0.9455594720628406 0.5397574336222388
0.9457519824557484 0.537632128820932
0.9459129121214759 0.5338116110358445
0.9460693697973549 0.5300541772709577
0.9462609797398219 0.5279464460709867
0.9464126825797556 0.5242608760594313
0.9466037798165012 0.5221604323758308
0.9467508350882357 0.5185451602709481
0.9469414145465364 0.5164521008370995
0.9470839265774118 0.5129056021241447
0.9472223511000701 0.5094164899228371
0.9474120537817581 0.507340808619298
0.9475461290968339 0.5039176186507125
0.9477353109949553 0.501849420485624
0.9478651331183815 0.4984907458506992
0.9480537901462657 0.496430111166581
0.9481794525269435 0.4931345812150463
0.9483348610467905 0.49048222823457915
0.9484547712047681 0.4872694857369154
0.948642315143732 0.4852297906525122
0.9487582822868963 0.4820769986735602
0.9489452985488595 0.48004496698946536
0.9490574077367303 0.47695087408516346
0.9492053252375856 0.47441199974277515
0.9493120910695914 0.47139460862563193
0.9494980200551614 0.4693832764342334
0.9496011249033771 0.4664216727695915
0.9497865249725516 0.4644180758689525
0.9498860464250306 0.46151111476432605
0.9500269588502042 0.45907860981406656
0.950121507302748 0.45624281944826706
0.9503058473925112 0.45425964905895166
0.9503969918389128 0.4514758419676941
0.95058080308887 0.4495004548312481
0.9506686144457976 0.44676758159761154
0.950802966191028 0.4444349259421914
0.9508861406879275 0.4417681868359346
0.9510689203459118 0.4398129271886507
0.9511489254562222 0.4371946885585018
0.9513311774542943 0.43524723969998
0.9514080781228181 0.4326765378820748
0.9515898008426795 0.4307369380206615
0.9516636604242211 0.4282128321489423
0.9517347458074152 0.42572642518823234
0.951915732711373 0.4238026881939162
0.9519838932844291 0.42136114176808565
0.9521643539882487 0.41944524182100273
0.9522296486173276 0.4170476798171792
0.9524095819491734 0.4151396472968447
0.9524720680903771 0.4127852138947852
0.9525920048947969 0.41067271349433365
0.9526505559326901 0.408373857837469
0.9528295227119667 0.4064852429245623
0.952885397313259 0.4042275405423655
0.9530638400760931 0.4023467796829738
0.9531170910865148 0.4001294414785034
0.953231731845813 0.3980981367831387
0.9532812919995255 0.3959326762383409
0.9534587986062228 0.3940709764499774
0.953505856417864 0.3919440620205677
0.9536828429389678 0.3900901913244388
0.9537274470953145 0.3880010942819114
0.9538370980193958 0.38604644034269725
0.9538782347167208 0.38400582625043395
0.95405431548087 0.38217065363836866
0.9540931100368175 0.3801661809998881
0.9542686751193252 0.3783388026942961
0.9543051724611671 0.3763697975072729
0.9544101163614793 0.37448758689220324
0.954443350888345 0.3725639453714103
0.9546180404853286 0.3707548982533021
0.9546490805214166 0.3688651769484493
0.9548232592266843 0.3670638810463991
0.9548521462940855 0.365207455660163
0.9550258140582895 0.363413921008799
0.9550525887585586 0.361590180658016
0.9550773674183188 0.3597922480693569
0.9552504476520366 0.35801276273962623
0.9552731874257427 0.3562464046441397
0.9554457619170601 0.3544746240679672
0.9554665008153747 0.3527392675485915
0.9556385697212488 0.3509751978986547
0.955657344928237 0.34927028212046657
0.9557518017693594 0.34754995054467896
0.9557677488857022 0.3458837531845002
0.9559390099275987 0.3441371826935067
0.955953077975734 0.34250014488162867
0.9561238389993626 0.3407612251828787
0.956136062464251 0.33915282573816385
0.9562266337906324 0.33749266306769843
0.956236182156849 0.3359206253066869
0.9564061647176142 0.334198834449365
0.9564139468397285 0.3326542466854023
0.9565834351137815 0.330940042116126
0.9565894830168107 0.32942241939674877
0.9566763714445526 0.32781938251922116
0.9566798852439349 0.326335942850871
0.9568486239788082 0.32463850016917484
0.9568504761780775 0.3231809218698992
0.9570187264797029 0.32149099738757914
0.9570189468581358 0.32005882865730934
0.9571023410141567 0.31851007910680723
0.9571001573849376 0.31711007694347215
0.9572676865588042 0.3154365516356939
0.957263938512189 0.31406093276531716
0.9574309851919691 0.3123948546636312
0.9574257004537231 0.3110431976703304
0.9575922653051885 0.30938456295463596
0.9575854710381493 0.3080564547367858
0.9576645610283465 0.3065746888296463
0.9576555184095208 0.30527633621243794
0.9578213953348558 0.30363367341941583
0.9578109045099693 0.3023579337157984
0.9579763056746053 0.30072263944577377
0.9579643919719605 0.299469126778267
0.9580403733729463 0.29803582943301277
0.9580263199358549 0.2968103764588704
0.9581910604464737 0.2951907016143976
0.958175641207579 0.29398660315617364
0.958339912042828 0.2923742203597102
0.9583231506471086 0.2911911155734224
0.9583961739115688 0.2898040091828547
0.9583773733627319 0.2886473885159292
0.9585410102363978 0.28705027886103796
0.9585209207152184 0.2859138375074167
0.9586840939956047 0.28432394223167035
0.9586627376002556 0.28320734239825374
0.9587329435314415 0.28186429185261114
0.9587096412154301 0.2807727108032985
0.9588722066422112 0.27919774890884397
0.9588476870655658 0.2781252484984626
0.9590097949601883 0.2765574224818106
0.958984078797738 0.27550368617086984
0.9590515993165291 0.2742026877928661
0.9590240237358753 0.27317260605653754
0.959185549299599 0.2716193804147792
0.9591568234653665 0.2706073511313983
0.9593178975221273 0.2690611823457468
0.9592880407976421 0.2680669085975959
0.9594486643100203 0.26652778633885965
0.9594176956945207 0.26555097664556643
0.9594818804911618 0.2643022950989108
0.9594491571020616 0.26334749387673745
0.9596092282375349 0.26182257695922595
0.9595754354245453 0.2608845862321609
0.9597350620208224 0.25936663583511
0.9597002176005555 0.25844518186094373
0.9597619896309646 0.25723440249444834
0.9597254635017795 0.256333795243583
0.9598845619957865 0.2548297318339654
0.9598470240097416 0.2539450487143971
0.9600056839053493 0.25244787190149176
0.9599671507861919 0.2515788555927499
0.9600266173348287 0.2504043405966572
0.9599864704867693 0.24955508605564952
0.9601446259808757 0.24807148505328644
0.9601035212433292 0.2472373225425175
0.9602612440073642 0.24576052848383367
0.9602191970929337 0.24494121590354279
0.9602764591203173 0.24380142179771783
0.9603333834280597 0.24266695079221431
0.9602893301924297 0.2418735723314549
0.9604463583400972 0.24041341533446944
0.9604014052793433 0.23963423251020138
0.9605580070170674 0.23818079674304296
0.9605121687751054 0.23741558356632886
0.9605669972108584 0.2363141705882452
0.9605196766993533 0.23556661391285286
0.9606758220833672 0.23412612022872853
0.9606276488716817 0.23339203049046586
0.9607833735551171 0.23195817920100936
0.9607343614278906 0.23123734339326277
0.9607871829018634 0.23016762513397368
0.9607367429302 0.22946356615051008
0.9608920332538933 0.22804236770355926
0.9608407848864051 0.2273510897018614
0.9609956601285672 0.2259364555309494
0.9609436163520283 0.22525775757851305
0.9609945147750905 0.22421844569525665
0.960941093938833 0.22355570015524254
0.9610955562868431 0.22215343661824558
0.9610413687429671 0.22150282581295544
0.9611954215349876 0.22010704924533483
0.9611404795286295 0.2194683834832434
0.9611895341618943 0.2184582594666723
0.9612383025959673 0.21745267014199637
0.9611816653874864 0.21683497106459784
0.9613351243158106 0.21545449633507033
0.961277765463051 0.21484823265754274
0.9614308208083518 0.21347416137723982
0.9613727517682131 0.21287915537102534
0.9614197621022746 0.2119014353062857
0.9613604147906469 0.21132077247429068
0.9615131007710586 0.20995849741697228
0.9614530684933518 0.20938869994821194
0.96160535622199 0.20803275280957
0.9615446497988739 0.2074736526506522
0.9615899723686873 0.20652271766448788
0.9615280286606248 0.20597728534436785
0.9616799669383238 0.20463287324618007
0.9616173728637152 0.204097767952165
0.9617689181211819 0.20275960927457834
0.961705683907434 0.20223467198821793
0.9617493853211168 0.2013094941486737
0.9617928325427912 0.20038835890045886
0.9617280889382888 0.19988138463693852
0.9618791104038503 0.19855759741725704
0.9618137539546335 0.1980603657940022
0.9618561436686371 0.19715604859625813
0.9618982869935415 0.19625565363809197
0.9618314642737489 0.19577567480683913
0.9619819812099958 0.19446600710437048
0.9619145716486819 0.19399536531224532
0.9620647057290326 0.1926918052576301
0.9619967184825132 0.1922303578322996
0.9620373636576215 0.19135381850151292
0.9619682468844578 0.19090424463799172
0.9621180884867632 0.18961147481700774
0.9620484140461153 0.18917078261829956
0.9621978777229732 0.18788404926888727
0.9621276542874587 0.18745210345975175
0.9621668581382303 0.18659853984387048
0.9622058338042849 0.18574861745052296
0.9621342458439568 0.18533225879377221
0.9622832487853273 0.18405906398226224
0.9622111348861956 0.18365109129226873
0.9622491728338519 0.1828161299154366
0.962286989297097 0.18198470607249842
0.9622135464761179 0.18159172511064808
0.9623621066479269 0.18033183528555044
0.9622881598936132 0.17994689601244832
0.9624363517042104 0.17869290375538485
0.9623619088124304 0.17831588432990772
0.9623983892301254 0.17750580344630834
0.9623229052543941 0.17713915822535947
0.9624708576869572 0.1758952665809737
0.9623948945327471 0.17553627551510964
0.9625424832374934 0.17429821376781263
0.9624660483031849 0.17394676111822321
0.962501241465354 0.17315726534327117
0.962536228838493 0.17237106403094202
0.9624585495702276 0.17203320008622988
0.9626057364011606 0.1708079030431525
0.9625276049486178 0.1704772703144328
0.9625617572730486 0.16970443345557798
0.9625957095971566 0.16893480120035217
0.9625163633030555 0.16861725522731863
0.9626631650495022 0.16740450641043694
0.9625833853056777 0.1670938977360103
0.9627298323030329 0.1658868469981373
0.9626496257847355 0.16558307100533895
0.9626823815144836 0.16483261356075404
0.9626012066846856 0.16453795197287308
0.9627474638964345 0.16334036333957372
0.9626658767448117 0.16305230739884286
0.9628117835536532 0.1618603527250499
0.9627297904264243 0.16157880288414314
0.9627613917007599 0.16084686380283866
0.9627928065868098 0.1601179178795815
0.9627096691975509 0.15984826655990306
0.962855229172336 0.15866835784043268
0.9627717025574835 0.1584049493464012
0.9628023709137649 0.15768798740168644
0.962832857911208 0.15697394031600065
0.9627482115206347 0.15672200504393233
0.9628934403872784 0.15555394155818367
0.962808420810132 0.1553079968394962
0.9629533076905802 0.15414544257414162
0.9628679206724551 0.15390539813155835
0.9628973317330953 0.15320864455692107
0.9629265679235228 0.1525147048260642
0.962840093985579 0.15228557584933247
0.9629846687801706 0.1511346169443268
0.962897842532352 0.15091115002752398
0.9629263845360125 0.15022837611944506
0.9629547562623488 0.14954834442182502
0.9628668647412533 0.1493354111612195
0.9630111425257794 0.14819585669094185
0.9629229131979746 0.14798835701123092
0.9630668570538959 0.14685419166533697
0.9629782951323269 0.14665204352833733
0.9630056624743181 0.14598818717770326
0.962916226188015 0.14579347189166453
0.9630600560390103 0.1446678071461658
0.9629702983641009 0.1444782666734431
0.963113798184168 0.1433579327267172
0.9630237240899097 0.14317348880459496
0.9630501204523806 0.14252528510331341
0.9630763574023322 0.14187965405827732
0.9629852705350858 0.1417048331268302
0.9631285077136587 0.1405954586391437
0.9630371174729278 0.140425528400889
0.9630627302056103 0.13978996720762943
0.963088187550424 0.13915691573643393
0.9629958025338539 0.1389962825461784
0.9631387912535169 0.13789769026562385
0.9630461153854837 0.13774175005831255
0.9631887816185594 0.13664837525701462
0.9630958194211987 0.13649705670782802
0.9631203682913965 0.13587867864650774
0.9631447669911521 0.13526272872282638
0.9630508345987544 0.1351202766464471
0.9631932695083762 0.13403746232259361
0.9630990626359128 0.13389944466192233
0.9631228787850978 0.13329291061690238
0.9631465484588875 0.13268874683417559
0.963051387298176 0.13255930167287525
0.9631936045223293 0.1314868790461522
0.963098180265109 0.1313616883146898
0.9632400822221842 0.13029437421405612
0.9631443989914257 0.13017337279368146
0.9631672174591764 0.12958298378704172
0.9631898942505858 0.12899488987656962
0.9630932786397337 0.12888207144832248
0.9632349793749171 0.12782493755439472
0.9631381155746791 0.12771613779517585
0.9631602479882143 0.12713685971224256
0.9631822421245527 0.12655982340050506
0.9630844599921954 0.12645894105219946
0.9632259726367158 0.12541182656904645
0.9631279526841023 0.12531479872614198
0.9632691569701596 0.124272688046538
0.9631709029630353 0.12417945515490393
0.9631920984692639 0.12361536735905795
0.9632131601210949 0.12305345195142016
0.9631140073105219 0.12296778350390898
0.9632550393411207 0.12193549043451711
0.9631556623098495 0.12185346113430705
0.9631762146241005 0.12129980993382782
0.963196636216805 0.12074828189926035
0.9630963727724452 0.12067357673758472
0.9632372452075348 0.11965094800488538
0.9631367670055785 0.11957973198323868
0.9631566932279152 0.11903624797413324
0.9631764917560317 0.1184948395377533
0.9631961631197119 0.11795549836545696
0.9630947066465443 0.11789305622179998
0.9632352827583085 0.1168823718504532
0.9631336223029006 0.11682324798380854
0.9631528141734803 0.11629170048011075
0.9631718817890416 0.11576217446766346
0.9630693605146883 0.11570987975891937
0.9632098031434572 0.11470854171581649
0.9631070865986993 0.11465942703533398
0.9631256876569125 0.11413749051713817
0.9631441672735194 0.11361753120186298
0.9631625259425403 0.11309954133063772
0.9630588648208422 0.11305857601774737
0.9631990397516902 0.11206882633893955
0.963095193289666 0.1120308834279138
0.963113100122908 0.11152025063308653
0.9631308887145713 0.11101154465474758
0.9630262042421143 0.11097997823697041
0.9631662709658173 0.1099992705223111
0.9630614091856475 0.10997059890424718
0.9630787579403521 0.10946906039011207
0.9630959910719739 0.10896940742011907
0.9631131090418696 0.10847163273829837
0.9630073329865515 0.10845053781342727
0.9631471597074067 0.1074810774640894
0.9630412155091396 0.10746273171444504
0.9630579073125253 0.10697190841885008
0.9630744864746623 0.10648292365698402
0.9629677245517438 0.10647053994842526
0.9631074675613363 0.10550983008772688
0.9630005449128904 0.10550007760884843
0.9630167090547012 0.10501786789218277
0.9630327629958286 0.10453745819417286
0.9630487071677425 0.10405884171968438
0.9629408974705708 0.10405614015142978
0.9630804273027365 0.10310635085020199
0.9629724653506674 0.10310614578812939
0.9629880072149646 0.10263410319035371
0.9630034416610014 0.10216381669075843
0.9628946799800847 0.10216919378743679
0.9630341498700621 0.1012278756757954
0.9629252427935155 0.10123564010641023
0.9630644331666751 0.10029888368886522
0.9629553832095726 0.10030899547434559
0.9629702157844859 0.09984855323412417
0.9629849440248537 0.09938981839325171
0.9628751056190865 0.09940528532560818
0.9630142494283874 0.09847683769764151
0.9629042746774157 0.09849454790851805
0.9629186246102295 0.09804200682024129
0.9629328723925068 0.09759113859800743
0.9629470184125756 0.09714193711283098
0.9628361961438905 0.09716592663884749
0.9629751674977411 0.09624790349282447
0.9628642163574013 0.09627401725863241
0.9628779954029614 0.09583082986861749
0.9628916747925236 0.09538927589165003
0.9627799499177189 0.09542041438315156
0.962918897405664 0.09451043881546656
0.962807049716285 0.09454360500422897
0.962820371379454 0.09410791839233397
0.9628335954293286 0.09367383285817318
0.9628467222303401 0.09324134264248096
0.9627340474447985 0.0932803658002541
0.9628728472910403 0.09238052130603545
0.962760056622968 0.09242146165680498
0.9627728362739122 0.09199467097074046
0.962785520647276 0.09156944437965253
0.9626719691635193 0.09161510583082876
0.9628107672374814 0.09072305823043934
0.9626971054924673 0.09077054720479719
0.9627094513489927 0.09035088303062595
0.9627217038408336 0.08993275263759055
0.9627338633104574 0.08951615060709116
0.9626193926968621 0.0895691072829483
0.9627580672617593 0.08868690901496576
0.962643492824841 0.08874159050557093
0.9626553236603321 0.08833039390660373
0.962667063320816 0.08792069638015736
0.9626787121376259 0.08751249268017447
0.9625633382392976 0.08757244181388686
0.9627019017209714 0.08669994684176124
0.9625864301871745 0.08676152203107064
0.9625977599014138 0.0863585722740071
0.9626090005563612 0.08595708803332038
0.9624927853299649 0.08602296140152418
0.9626313796424808 0.08515789793559235
0.9625150718030456 0.08522531714917173
0.9625260011391614 0.08482896304500531
0.9625368431490083 0.08443404694926573
0.9625475981445043 0.08404056391738678
0.9624305060477616 0.08411290690250542
0.9625690124493824 0.08325728168930732
0.9624518334973746 0.08333107855940336
0.962462286097187 0.08294258371042679
0.9624726533577526 0.08255549532176183
0.9624829355811505 0.08216980860174684
0.9623649802511323 0.08224835213729119
0.9625034106765781 0.08140202767696796
0.9623853740309195 0.08148193658839217
0.9623953624731587 0.08110110093764981
0.9624052674978721 0.08072164121863365
0.9622865008671109 0.08080547578048211
0.9624249935325092 0.07996623895347697
0.9623061500867112 0.08005136693793408
0.9623157683679565 0.07967664618912068
0.9623253048059545 0.07930327634492516
0.9623347596855824 0.07893125288132817
0.9622151524145329 0.07902082316236936
0.9623535914129518 0.07819063742698645
0.9622339124908621 0.07828141856980976
0.9622430887060577 0.07791400536993992
0.9622521848859282 0.07754791432506515
0.9622612013066149 0.07718314104715439
0.9621407650962635 0.07727820739064173
0.962279161920175 0.07645694312186156
0.9621586590318767 0.07655314079177684
0.9621674045950174 0.07619285334659383
0.9621760718729034 0.07583386021164876
0.9621846611332903 0.07547615712952699
0.962063407061785 0.07557648932640051
0.9620718870471586 0.07522060360050563
0.962080289919129 0.0748659935236955
0.9620886159396992 0.07451265492845086
0.9619666132016396 0.07461702795377877
0.9621052054355226 0.07380919149103855
0.9619831439851452 0.07391456835270989
0.9619912117290328 0.07356551488982481
0.9619992040164476 0.07321771069041556
0.9620071211015687 0.07287115170895297
0.9618843163937595 0.0729804289001856
0.962022898086123 0.07218117180386803
0.9619000391687933 0.07229138075759482
0.9619077051066337 0.0719489931354805
0.9619152971932118 0.07160782920150116
0.9619228156751883 0.07126788502741781
0.9617992185246169 0.07138185948276787
0.9618066381436992 0.07104356621786327
0.9618139849852085 0.07070647952136566
0.9618212592906481 0.07037059554577851
0.9618284613004839 0.0700359104596889
0.9617041036288169 0.07015397910038797
0.9617112098494881 0.0698208957460108
0.9617182445790722 0.06948899844418031
0.9617252080530492 0.06915828344157784
0.9616001169185742 0.06927993101438053
0.9617390911179629 0.0684998089273838
0.9616139564484065 0.06862221725938038
0.9616206857859968 0.06829540187328796
0.9616273451147871 0.06796974889367241
0.9616339346634606 0.06764525467339184
0.9615080706366548 0.0677711203548577
0.9616470747267553 0.06699915429534836
0.9615211711310635 0.06712571719001126
0.9615275328924857 0.06680502110984522
0.9615338260825785 0.06648546449363735
0.9615400509234866 0.06616704379645602
0.9614134217430227 0.06629694729478856
0.9615524662891138 0.06553302515986877
0.9614258013681176 0.06566356451862616
0.9614318045705404 0.06534884364574849
0.9614377405960186 0.06503523997107419
0.9614436096604059 0.06472275004809311
0.9613162226070102 0.06485651789241353
0.9613220083465717 0.0645454301507054
0.9613277278400226 0.06423544473523818
0.9613333812988971 0.06392655826728591
0.9613389689338582 0.06361876738167487
0.9612108450843861 0.0637559675826162
0.9612163520367523 0.06344953653295601
0.9612217938614493 0.06314418993599953
0.9612271707649592 0.06283992449222107
0.9610983271959637 0.06298019947418629
0.9612379020517982 0.0622340584514312
0.9611090318472676 0.0623748232616283
0.9611142018083999 0.0620740224361057
0.9611193079336245 0.06177428541231529
0.9611243504237125 0.061475608980183734
0.9609947631814256 0.06161934729545574
0.9611344171799868 0.060880862553424
0.9610048066911949 0.061025036342210535
0.961009647740465 0.06072973643657269
0.961014426208042 0.060435480272582276
0.9610191422891955 0.06014226472640297
0.9608888171646917 0.06028931471558326
0.9610285604151547 0.059558383440902855
0.960898215319815 0.05970581635666553
0.960902735294807 0.05941589188402455
0.9609071939061717 0.05912699166217011
0.9609115913438747 0.05883911265043774
0.960780533745299 0.058989328267786696
0.9609203762660642 0.058265849515428625
0.9607893018636559 0.058416397246195906
0.960793508369376 0.0581317263935487
0.9607976546947171 0.057848060849361956
0.9608017410245306 0.05756539765320604
0.9606699559914248 0.05771863823539982
0.9606739750924069 0.05743711911280706
0.9606779348008002 0.05715659268342049
0.9606818352979454 0.05687705604207821
0.9606856767644708 0.05659850629472783
0.9605531742805209 0.05675451447681822
0.9605569507331967 0.056477073238688606
0.9605606687430753 0.056200609479086165
0.9605643284873799 0.0559251203575678
0.9605679301426439 0.05565060304447105
0.9604347118766123 0.055809291132360835
0.960438250675958 0.05553584767102848
0.9924603316269375 0.041330736776483974
0.9604453310539911 0.054991294544899864
0.9604486977444958 0.05472073177994965
0.9604520074367817 0.054451123339028136
0.960318071965627 0.054612489590185505
0.9924795277960461 0.053343845345698415
0.9924737176327519 0.05908655798194556
0.960328002073854 0.05380850283100764
0.960331082418712 0.05354275866872939
0.9603341068259182 0.05327795182369902
0.9603370754622498 0.05301407961953106
0.9602024252695557 0.05317805914173682
0.960205336327728 0.05291517603759911
0.9602081921529537 0.052653218949255925
0.9602109929089493 0.052392185248573156
0.9602137387588094 0.05213207231714798
0.960078379918543 0.05229843135113622
0.9600810701595028 0.052039275863499164
0.9600837060191576 0.051781032727843096
0.960086287657633 0.05152369937260768
0.96008881523445 0.05126727323569054
0.959952748513989 0.05143593639529763
0.9599552224021637 0.05118043682609157
0.9599576427408136 0.050925836259437765
0.9599600096865775 0.05067213217872089
0.9599623233955068 0.050419322076513604
0.9598255493748868 0.05059021643320251
0.9598278112680199 0.050338302777764264
0.9598300204241413 0.05008727508053187
0.9598321769965048 0.04983713087825853
0.9598342811377931 0.04958786771662814
0.9596968002143818 0.049760922719739566
0.9596988543668341 0.049512526614982955
0.9597008565760957 0.049265003720196814
0.991199994276552 0.03667841598320227
0.9597048840072926 0.04877203279586286
0.9597067312021587 0.04852711627140872
0.9595685477927612 0.048702233291149616
0.9595703471085811 0.04845814989145001
0.9595720954036348 0.04821492488038737
0.9595737928241556 0.04797255590537978
0.9595754395158413 0.04773104062224471
0.9594365504473478 0.04790816831493611
0.9594381509914592 0.04766745828870906
0.9594397012697777 0.0474275945183998
0.9594412014254488 0.047188574700161585
0.9594426516010971 0.04695039653831791
0.9593030567246219 0.047129471428908325
0.9593044624427718 0.046892071316330185
0.9593058186330959 0.04665550559666239
0.9593071254357403 0.0464197720134348
0.9593083829903429 0.04618486831812576
0.959168081991834 0.04636582900848531
0.959169296738919 0.046131676794427305
0.9591704626796335 0.045898347372266356
0.9591715799512064 0.04566583853159915
0.9591726486903742 0.04543414806975313
0.9590316410942981 0.04561693517415946
0.9590326686370889 0.045385970245347865
0.9590336480789264 0.04515581676196862
0.9590345795542049 0.044926472558417356
0.9590354631968392 0.0446979354766113
0.9588937483697001 0.04488249155978515
0.9588945923894666 0.044654654663483076
0.9588953889981185 0.04442761811350582
0.9588961383272933 0.044201379787825755
0.9588968405081623 0.043975937571733674
0.9587544176618602 0.04416220708932403
0.9587550817569042 0.043937440293464816
0.9587556991155359 0.04371346298524061
0.9587562698667123 0.043490273085016413
0.9587567941389363 0.043267868520281284
0.9586136623339727 0.04345579776168309
0.9586141500220701 0.04323404441640531
0.9586145916337488 0.04301306993378545
0.9586149872953583 0.042792872275437654
0.958615337132806 0.04257344940991423
0.9584714952813435 0.04276298644332559
0.9584718100021014 0.04254419114384202
0.958472079292138 0.04232616430927686
0.9584723032752658 0.04210890394138867
0.9584724820748677 0.04189240804869177
0.9583277444332232 0.042084022055687634
0.9583278896351892 0.04186812940055308
0.9583279900382436 0.041652995033422506
0.9583280457637302 0.041438616995139094
0.9583280569325738 0.041224993333125334
0.9581827901752002 0.04141759993712011
0.9581827690637654 0.041204558108626
0.9581827037717051 0.04099226460633517
0.9581825944179598 0.040780717509135915
0.9581824411210634 0.040569914902321744
0.9580364601857034 0.04076398367649437
0.9580362759792951 0.040553740794995505
0.9580360481974058 0.040344236486987775
0.9580357769566384 0.040135468868401795
0.9580354623731986 0.0399274360614123
0.957888765606467 0.0401229216814623
0.9578884214539787 0.03991542697620794
0.9578880343183733 0.03970866129516837
0.9578876043139769 0.039502622790352264
0.9578871315547295 0.03929730961984945
0.9577397171681995 0.0394941682959666
0.9577392161509684 0.039289372073898425
0.9577386727305504 0.0390852955247415
0.9577380870190552 0.03888193683564467
0.9577374591282154 0.03867929419968478
0.9575891374898452 0.03887799359741199
0.9575884827094064 0.03867584599483055
0.9893563061862753 0.055716166705013816
0.9896326492693421 0.07934733165812058
0.9575866425423566 0.03807264895062783
0.9575858209070359 0.03787333519312668
0.9575849578739665 0.037674724870034614
0.9574361350472691 0.03787374090526318
0.989500774989236 0.08273650609068026
0.9574345054335646 0.03747765244519863
0.9574335350265111 0.037280906436288605
0.9574325237694156 0.03708485502326609
0.9574314717687042 0.036889496483258434
0.9893650038601988 0.0837706319707989
0.9572810571307578 0.03689407975531604
0.9572799407959739 0.03669985558760862
0.9572787841476136 0.036506317356483756
0.957277587290091 0.03631346337101344
0.957276350327477 0.03612129194567553
0.9571261171857424 0.03632221081611801
0.957124857794567 0.03613046230125292
0.9571235586153348 0.03593939123826437
0.9883031480407821 0.04475128006200315
0.9889949624038432 0.07076806739115454
0.9571198013432646 0.035369239062877846
0.9571183438601957 0.03518086371098548
0.9569672334523266 0.03538286757294242
0.9889856103413284 0.08730015065816171
0.9889587079114516 0.08816029566743369
0.9889316108860327 0.08852395591829006
0.9889045069828512 0.08874477613946669
0.9888774053064762 0.08896520243830087
0.9569587270102233 0.034262508654287455
0.9569570153825421 0.034078506859564844
0.9569552652769748 0.033895161308825805
0.9569534767914927 0.03371247041319678
0.9568019294014798 0.03391362114412718
0.9568001221848973 0.033731293543359825
0.9567982768837519 0.03354961583599805
0.9567963935945226 0.03336858645691167
0.9567944724133806 0.033188203845850514
0.9566421980356778 0.03339035236588432
0.9566402592018122 0.03321031562419329
0.9566382827652044 0.033030920987818076
0.9566362688205708 0.03285216691966712
0.9875580808607531 0.04579196572250538
0.9566323192781713 0.03249609470850881
0.9564791452090007 0.03269938125169352
0.9564770401240897 0.032522229483500684
0.988382764921521 0.08811521127814638
0.956472910210165 0.032169344241677424
0.9564706942036691 0.03199408807319714
0.956468441436952 0.03181946036302295
0.9563147478952979 0.03202287306980457
0.9563124799364278 0.031848551490988745
0.9563101754924499 0.031674853932916504
0.9563078346541116 0.031501778921594226
0.9563054575118745 0.0313293249875333
0.9881422447612473 0.09111065088876988
0.988118390875694 0.09316458167521474
0.9880924286650252 0.09521932711687531
0.9561443248304872 0.031017562252273773
0.956141825404506 0.030847247728104585
0.9561392902106606 0.030677545602364548
0.9561367193372448 0.03050845444002158
0.9561341128722773 0.030339972810390088
0.9559788238276533 0.03054458404809533
0.9559762047745743 0.03037636667208413
0.9559735503908019 0.030208754619701954
0.987761701998342 0.08080128605297561
0.955968328977864 0.029874873183223214
0.9559655690339268 0.02970906989194903
0.9558097565913811 0.029913669789756465
0.9558069850973219 0.02974811380201472
0.9558041787865541 0.02958315481153642
0.9558013377440203 0.029418791436655097
0.9557984620544021 0.029255022299834902
0.985320544605397 0.030837436479710528
0.9556390201786406 0.029296864806488465
0.9556360994752089 0.02913391807805744
0.9556331444575945 0.02897156020373506
0.9556301552090013 0.028809789829534926
0.95547265740679 0.029016391638463833
0.9554696585459667 0.02885483740137264
0.9554666256985784 0.028693866719244215
0.955463558946636 0.028533478257149816
0.9872529274477759 0.08019305399841604
0.9873632431117186 0.1007468498600188
0.9554545459330034 0.02805487537549297
0.9552963480540109 0.028261448880264665
0.9552931715042754 0.028102998110143267
0.9552899615322595 0.027945121740912696
0.955286718218075 0.027787818467884275
0.9551277394724952 0.02799547716818736
0.9551244884815743 0.027838358732320063
0.9842688601989408 0.02757335898280157
0.9871147914011823 0.09852717444558252
0.987093597395246 0.10289323355667748
0.9551117434911012 0.027214199199384077
0.955108327482076 0.027059918254879356
0.9551048787573392 0.026906200234310583
0.9549454192910661 0.027112891351471997
0.9549419641136296 0.02695933822199752
0.9549384764471376 0.026806344356442992
0.9549349563685345 0.02665390850061401
0.9549314039545359 0.026502029403943805
0.9846138309222066 0.035208634417731983
0.9547676258637015 0.026557634807156075
0.9547640357205683 0.026406460227086245
0.9547604135398916 0.026255837584269005
0.9547567593970959 0.02610576564875702
0.9547530733673826 0.02595624319413667
0.9545919167835287 0.02616424034164866
0.9545882261904652 0.02601485239749421
0.9545845039275025 0.025866010429215557
0.9545807500688028 0.02571771322702183
0.9544187952944359 0.025926731035135202
0.9865366012283423 0.09943107880105669
0.9544114478851138 0.025630476612777408
0.9857601015909416 0.06212402426317475
0.9863756327023006 0.089860166241016
0.9544002911210053 0.025189929637411484
0.9543963769166498 0.02504445457829954
0.9543924316938122 0.024899514900541157
0.9863596691702796 0.10396597604776761
0.9863395897656878 0.10836744899367283
0.9542222626413547 0.024817804790017585
0.9542182529916073 0.024674034852383807
0.9542142126729592 0.02453079462428472
0.9542101417563075 0.02438808294802214
0.9540467515409052 0.024596510051567478
0.9540426788278666 0.02445388813083333
0.9540385757192064 0.024311791492421398
0.9540344422848631 0.024170218993979944
0.9860815448375746 0.10342276759763946
0.9540262852002364 0.023888204864901053
0.9538621423705479 0.024096717761598753
0.9538579474915713 0.023956266847329374
0.9538537226239832 0.023816334602192755
0.9538494678363881 0.02367691990516578
0.9538451831971936 0.023538021638343825
0.9536804555540103 0.02374660880840642
0.9858829738086236 0.11278010563282258
0.9536720583553251 0.02346901871926468
0.9536677141153009 0.0233312119475033
0.9536633403525351 0.02319391626693624
0.9536589371341402 0.02305713058036146
0.9534932472728329 0.023266191666246612
0.9534888447275288 0.023129455766705317
0.9534844129162265 0.02299322679704706
0.9534799519051503 0.022857503674314272
0.984894257062196 0.06722478772608975
0.984890679577897 0.06803255233089182
0.9534667996173175 0.022452501327070582
0.953300376383767 0.022661105382321384
0.9532958296145606 0.02252693024385355
0.9532912540278788 0.02239325473578327
0.9845702472677789 0.06402126502470232
0.9532822201317495 0.02212697123145875
0.9531149971292173 0.022336029523946598
0.9531103663301924 0.02220337452172564
0.9531057070243746 0.02207121410313267
0.9531010192755416 0.021939547224344838
0.9530963031472933 0.02180837284436954
0.9529282740374992 0.022017878296726363
0.985259724986127 0.11289191171485952
0.9852388878794041 0.1170930360530774
0.9852122052286904 0.11758535897135547
0.9529098679807878 0.02149489031832932
0.9529050421546267 0.021365684135636387
0.9529001883770404 0.02123696348175524
0.9528953067101109 0.021108727339951755
0.9836447043040145 0.05555397083462694
0.9850489035390477 0.11628053652712837
0.9527171937874269 0.02106035937899758
0.9527122605756697 0.020933084035160556
0.9527072997696784 0.02080628840691758
0.9527023114304003 0.020679971495702817
0.9831697127773417 0.0512214213143034
0.9848334123036018 0.1058900858329935
0.9848109935121487 0.10664966987904748
0.9525181691347335 0.020509946932738634
0.9525131034716219 0.020385041053225455
0.9525080106241497 0.020260608210368607
0.9525028906519947 0.020136647425927117
0.9523326148092532 0.020344420061398704
0.952327500457175 0.020220429026286613
0.9523223591449722 0.020096907389880944
0.9523171909315665 0.019973854186080543
0.9523119958757204 0.019851268451333927
0.952140894430142 0.020059418657449746
0.984569573593855 0.12245403914377356
0.984543007439209 0.12319026212750063
0.9521256643289951 0.019692109138022256
0.9521203954723262 0.0195708772037819
0.9521151001084249 0.019450107278945333
0.9521097782948454 0.019329798419310783
0.9844092928923667 0.12415438766124909
0.9519328090866382 0.019416513184009422
0.951927467956356 0.01929661044668189
0.9519221005907396 0.019177165296052023
0.9519167070464717 0.019058176801899963
0.9802791624336901 0.03003014985945549
0.9842039782588959 0.1124141661451422
0.9842217024140814 0.12461768759812086
0.9841951846876006 0.1251249231759688
0.984168495069653 0.12537825339494735
0.9841420703108921 0.12625787201839236
0.9517123514252237 0.018556480337968983
0.951706809794077 0.01844014584935846
0.9517012424727073 0.018324260037454854
0.9516956495162053 0.018208821997517912
0.9515220753171431 0.018414765238079358
0.9839791094810605 0.12463443083091655
0.9515110918981607 0.01818376970941792
0.9829341905458947 0.07126250895050726
0.9515000064070915 0.017954557016948685
0.951494320481982 0.017840815611450494
0.951320146095156 0.018046136337220346
0.9513144695773835 0.01793230340833211
0.951308767882458 0.017818910805834122
0.9513030410638463 0.017705957651075115
0.9512972891748745 0.01759344306764715
0.9511222624387667 0.017799072067005046
0.9511165205229998 0.017686456780327053
0.9511107536802463 0.017574277747704502
0.9511049619631862 0.01746253410313728
0.9836082992337184 0.130520779486043
0.9835817163955389 0.13132454048384778
0.983555053065703 0.13155098917861016
0.9510821822364762 0.017018723527465536
0.9509064067642409 0.017223014506642913
0.9509005265991447 0.017112893564394657
0.950894621908532 0.01700320231430942
0.9834087937807646 0.12503649889856397
0.9508829517019288 0.016784715862080447
0.9833489191682392 0.12375544887667475
0.950871183663493 0.016567943000163298
0.9506946183042699 0.01677141348126946
0.950688627355108 0.01666330950689729
0.9506826122216443 0.01655562965088139
0.9506765729543748 0.016448373082260458
0.9506705096036655 0.01634153897215281
0.982624714314803 0.08882979391994701
0.9831442510363926 0.12767009504962462
0.9831286494331878 0.1343372305104547
0.9831020792662536 0.1348089245215568
0.9504695828466857 0.016118391545993097
0.9504634356773021 0.016013104524633753
0.9504572647564656 0.01590823453654018
0.9504510701334372 0.015803780770569976
0.9827066112559011 0.10356416811573403
0.9829333729967591 0.13002592415884004
0.9829130133038188 0.13308297397485938
0.982888755942847 0.135479191480968
0.9502486497085907 0.015589043465532679
0.9502423736297448 0.015486098512399177
0.9502360741726322 0.015383564486126058
0.9502297513854411 0.015281440592791962
0.9827561311885945 0.13754335033622272
0.9827295675633623 0.13804830894084763
0.9500383611382986 0.015277774823046927
0.9500320054629647 0.01517630884910081
0.9500256266789728 0.015075249399634788
0.950019224833709 0.014974595693628771
0.9825949421053697 0.13640083068698594
0.9498330234461492 0.01507431173149074
0.9498266128042459 0.014973893666453644
0.9498201792715466 0.014873878575048715
0.9498137228947716 0.01477426568698842
0.9496327971621075 0.014975421409826543
0.9824371412769679 0.14019611876637458
0.9824105887477969 0.14060916772504492
0.9496138392448663 0.014676505192434026
0.949607329383888 0.014577915857511907
0.9496007969385776 0.01447972448297338
0.9823042308689404 0.14085603962298976
0.949412709725457 0.014581783854709185
0.949406170011297 0.014483803298217546
0.9493996078772411 0.014386218030132313
0.9493930233686024 0.014289027302823156
0.9785630159747021 0.042097998602861605
0.9816149691758351 0.09667683562214983
0.9491976051948648 0.01429495762306163
0.9491909918019203 0.014198359689731191
0.9491843562408896 0.01410215293023286
0.9491776985563489 0.01400633660879742
0.9820109273435391 0.1412993173633197
0.981985762954617 0.14389625665178624
0.9489812609645875 0.014014643096649865
0.948974575436504 0.013919402636660342
0.948967867987573 0.013824549309859687
0.948961138661651 0.013730082392077137
0.948776682058648 0.013930413642141391
0.9487699695795263 0.013835734971807708
0.9817982991746423 0.1426209082077707
0.9817731709018114 0.14439696072062097
0.9487501441103403 0.013553276743194327
0.948743344650728 0.01346013466073123
0.9487365235992417 0.013367374319079665
0.9808018655291988 0.08853804894370038
0.9816409548199438 0.14631344131569715
0.9816144846630307 0.1467111770416467
0.9815880039821423 0.14712399055835249
0.9485249834460835 0.013195286115289886
0.9814640354385632 0.12939074232378409
0.948511404568144 0.013012386121723852
0.9485044721561874 0.012921681208218645
0.9484975185160084 0.012831352066996603
0.9484905436895587 0.012741398004532755
0.9814018891582419 0.14694130542057643
0.9813760414061247 0.14861487037246796
0.9813495778320228 0.14899519008956147
0.9812961393921682 0.137897157828816
0.9482776636008854 0.012577658388588856
0.9482706224634675 0.012488966086309186
0.9482635604112262 0.012400644415397677
0.9482564774852525 0.012312692696188099
0.9482493737265395 0.012225110250598477
0.9811637672194214 0.14908179044533798
0.9811377609175504 0.15043959857274325
0.9811113379309909 0.15108337808312575
0.9810848768079821 0.1513063108179218
0.9480349840086749 0.012068904489011021
0.948027816114333 0.011982548527880707
0.948020627651721 0.011896557505823916
0.9808699906959673 0.12930462152874725
0.9480064122501 0.011725325521977142
0.9478188084309246 0.011917331997034132
0.9800826867827802 0.09483460235962617
0.9478045923374039 0.011746315110570464
0.9782908170311271 0.060445714885965854
0.9477902945001018 0.011576748559001834
0.9477830030079382 0.011492677495226367
0.9475944845403801 0.011684252493559776
0.9797438033744001 0.09059171638333172
0.9807143820539346 0.15310122396757106
0.9475730600861988 0.011431643044212972
0.9475657280668003 0.01134838442495914
0.9475583759922362 0.011265482332143858
0.9473689355481313 0.011456623847881374
0.9473616039986182 0.011373450626943397
