0.940373640213815 0.6954370789339147
0.9407254625145696 0.6898391834782184
0.9411745581278421 0.6819884088043046
0.9415149030164712 0.6765593266450086
0.9418512009082974 0.6711896302854525
0.9422742987908189 0.6637201783646434
0.9425998628526406 0.6585087538657072
0.9429216296792384 0.6533531897132642
0.9433204611725068 0.6462403137849122
0.9436321746051997 0.6412333450291894
0.9439403199118925 0.6362789927468514
0.9442449528717342 0.6313764699283644
0.9446151828824058 0.6246853531360672
0.9449105411047111 0.6199203238411531
0.9452025931322787 0.6152041940700356
0.9455519542142801 0.6088208706931912
0.9458352923057634 0.6042342054878618
0.9461155141004126 0.5996937332817908
0.9464453053249765 0.5935994513859617
0.9467173294725382 0.5891810316670205
0.9469864125524368 0.5848063007155591
0.9472978280275166 0.5789837756207165
0.9475591895790674 0.5747242436012262
0.9478177720261016 0.5705060796517294
0.9481119112020903 0.5649393541148037
0.948363211912393 0.5608300422242104
0.9486118834594057 0.5567599445422774
0.9488897602485722 0.551434264578628
0.9491315569330974 0.547467132603603
0.949370863479714 0.5435372129141963
0.9496077141361452 0.539644014276737
0.949866223018628 0.5346064962501945
0.9500966706492345 0.5308094242223456
0.9503247890927852 0.527047243201158
0.9505690613614037 0.5222211878272389
0.9507911199282083 0.5185501422971972
0.9510109671694794 0.5149122815956148
0.9512417892544931 0.5102861532627467
0.951455895579671 0.5067347785017974
0.9516679003654773 0.5032149958254117
0.9518860019647168 0.49877806668117636
0.9520925627081017 0.49534043310869236
0.9522971243104507 0.4919329029215929
0.9525031833652182 0.4876751839213275
0.9527025775976441 0.48434575274375097
0.9529000683176572 0.48104503183058733
0.9530947154760306 0.4769572107050241
0.9532872969930132 0.4737308020297488
0.9534780644132533 0.470531798428176
0.9536670399940929 0.4673598763727542
0.9538479864470544 0.46347694780652415
0.9540323554612972 0.46037489273065635
0.954215014951677 0.45729871464778493
0.9543858278425831 0.4535667545131506
0.9545641024883029 0.4505571769367532
0.9547407447779802 0.4475723450425658
0.9549019261821908 0.44398388949653766
0.9550743912978052 0.4410625931059974
0.95524529647863 0.4381649787697928
0.9553973157277593 0.43471303716474585
0.9555642384539 0.4318760794274893
0.9557296692839357 0.4290618027423183
0.9558729655611573 0.4257398210359499
0.9560345967028515 0.42298349416073794
0.9561947999353719 0.4202489053535345
0.9563297846287607 0.4170507328486303
0.9564863598933518 0.41437154644078295
0.956641567485063 0.4117132089312558
0.9567954225405878 0.40907549786115793
0.9569203674486673 0.4060277332355707
0.9570707976597848 0.40344240817538257
0.9572199312413985 0.4008768825714303
0.9573374084375464 0.39794028182672003
0.9574832668348756 0.3954249139699027
0.9576278813443166 0.3929285642007294
0.9577382252852492 0.39009809725723604
0.9578797056581125 0.387649802029718
0.9580199919435964 0.385219785985987
0.958123517161251 0.38249071425287307
0.9582608023589888 0.3801067659037907
0.9583969405338321 0.37774039740888826
0.9584939430760029 0.3751082531790638
0.9586272057747798 0.37278607390949403
0.9587593659671707 0.37048081208295125
0.9588501247154694 0.36794137964368334
0.9589795281212683 0.3656785296197863
0.9591078711618559 0.3634319691030902
0.9592351645203697 0.36120153962479196
0.9593183475328989 0.35877543556590913
0.9594430255861452 0.3565852975300274
0.9595666933332287 0.35441070275923225
0.9596442103944305 0.3520685598544039
0.9597653675390332 0.3499326837168717
0.9598855517183413 0.3478117927189618
0.9599576334837767 0.3455501054290596
0.9600754062468941 0.34346644121600844
0.9601922414823609 0.3413972317878091
0.9602591059436236 0.33921268173650526
0.9603736237931493 0.33717928303165
0.9604872377710703 0.3351598347924137
0.9605490910975696 0.3330492785789747
0.9606604768962529 0.3310642960074792
0.9607709908101295 0.3290927840123083
0.9608806410054215 0.3271346206387084
0.9609363985497271 0.32511491716013985
0.9610439275111882 0.32318960599022684
0.9611506227856312 0.32127719218100365
0.9612017995365632 0.31932491178826633
0.9613064529553526 0.31744415007681964
0.9614103012730458 0.3155758556929103
0.9614570698290723 0.31368835320356264
0.9615589517647909 0.3118505685603084
0.9616600558270918 0.3100248411831502
0.9617025798841654 0.30819960394542467
0.9618017893721901 0.3064032982461446
0.9619002469373195 0.30461865855612597
0.9619386818430564 0.30285329835395375
0.9620353131968278 0.3010970433647106
0.9621312173763695 0.29935208084701964
0.9622264007429318 0.29761831523206095
0.9622598537351708 0.29592675969668997
0.9623532932693993 0.2942201286477421
0.9624460353238775 0.29252434183722437
0.9624757255731611 0.29088763981608434
0.9625667850869392 0.28921805562620506
0.9626571694034823 0.287558978546938
0.9626832283266643 0.2859750993601495
0.9627719885675007 0.2843413350504062
0.9628600949024475 0.28271775539735294
0.9628826475159613 0.28118476424382893
0.9629691855756612 0.27958564723691676
0.963055090085154 0.2779964063014523
0.9630742553796089 0.27651245874375113
0.9631586449008299 0.2749468678506283
0.9632424203436467 0.2733908575601241
0.9633255867458981 0.2718443517808181
0.9633406230014177 0.2704210569891618
0.9634223389281868 0.26889721714160164
0.9635034642401661 0.26738260186055796
0.9635153646987189 0.2660044489912212
0.9635950876285707 0.26451176466998044
0.9636742375902543 0.2630280365633848
0.9636831038244191 0.26169344291349594
0.963760897410041 0.2602309420686964
0.9638381349365043 0.2587771400733515
0.9638440638253059 0.2574845936254988
0.9639199890072805 0.2560513448095148
0.9639953743403827 0.2546265478963603
0.964070224040633 0.25321013895604677
0.9640725734796759 0.251969713721804
0.9641461643300298 0.2505730388094427
0.9642192349279329 0.2491845172973954
0.9642188527307627 0.2479829273206858
0.9642907044107102 0.24661352731872294
0.9643620505989593 0.24525205540638634
0.9643590199945195 0.2440879946161181
0.9644291855427736 0.24274505658895576
0.9644988597719549 0.24140983014019302
0.9644932602909502 0.24028204836809933
0.9645617905895048 0.23896479181059932
0.9646298431830852 0.23765503868507043
0.9646974216307551 0.23635273482705038
0.9646886947370592 0.23527001397315672
0.9647551739993359 0.23398499243173562
0.9648211920642185 0.23270722197837895
0.964810065888488 0.23165811401605027
0.9648750182059963 0.23039711122117368
0.9649395217765889 0.22914316881041177
0.9649260650336963 0.22812658733059407
0.9649895349705384 0.22688891793498808
0.9650525681371286 0.2256581253380181
0.9651151676768597 0.22443416157611776
0.9650988769845501 0.22345803340647175
0.96516048212747 0.22224973821931782
0.9652216650542048 0.22104809678349013
0.9652031907852494 0.22010217163042797
0.9652634086579581 0.21891574604090996
0.9653232153010183 0.21773580550446667
0.9653026170579867 0.21681913525148785
0.965361486865331 0.215653974876558
0.965419956025381 0.2144951369467785
0.9653972909210351 0.21360681131220954
0.9654548503930123 0.21246233410099857
0.9655120194146947 0.21132402253858654
0.9655688006758647 0.21019183545229647
0.9655436276551872 0.20933881244195024
0.9655995324956334 0.20822047204083122
0.9656550593108927 0.20710810628022688
0.965627942085747 0.20628147425465085
0.9656826173792343 0.205182569878205
0.9657369240362874 0.20408949554354183
0.965707912373099 0.20328845600443446
0.965761391492109 0.20220847167454292
0.9658145110325015 0.20113417779229878
0.9658672733928372 0.20006553755827283
0.9658359677946802 0.1992964009794652
0.9658879320706387 0.1982403946532428
0.9659395478270335 0.1971899083877728
0.9659064549872862 0.19644464617406865
0.9659572947154598 0.19540645178106777
0.9660077942859366 0.19437364838563126
0.9659729577049346 0.19365155754434726
0.9660227025172301 0.192630715974569
0.9660721152481343 0.19161514066880725
0.9661211980445472 0.19060479861674873
0.9660842551931185 0.18991161244737892
0.9661326094065453 0.1889128260584779
0.9661806414182411 0.18791915339662277
0.9661420487988053 0.18724762224369895
0.9661893718375159 0.1862652005328093
0.9662363801487652 0.18528777694831794
0.9662830757248747 0.18431532081163757
0.9662424941608901 0.1836708128135762
0.9662885049301648 0.1827092321248204
0.9663342101271649 0.18175250801104526
0.9662920646916078 0.18112826207850735
0.9663371031913665 0.18018213163724095
0.9663818430472473 0.17924075046525803
0.9663381685833509 0.1786361957917768
0.9663822592377802 0.17770513591557896
0.9664260579520139 0.17677872142408976
0.9664695665197982 0.1758569246409783
0.9664240543855501 0.17527695107880492
0.9664669353544179 0.17436513929447486
0.9665095326092908 0.173457845461372
0.966462567088896 0.17289632700779053
0.9665045529390369 0.17199876573981768
0.9665462613032257 0.17110562578289207
0.9664978730609572 0.17056205551506487
0.9665389856812381 0.16967840387464747
0.9665798268474594 0.16879907989804988
0.9666203981797592 0.16792405853972808
0.9665703059603282 0.1674028965490388
0.9666103009216762 0.16653706138379287
0.9666500318438177 0.16567543880685565
0.9665985836670368 0.1651711247176458
0.9666377527454052 0.16431846149234597
0.9666766634003752 0.163469923559367
0.9667153171444298 0.16262548750707798
0.9666622491787802 0.16214220762060982
0.9667003590724361 0.16130644997719723
0.9667382174543909 0.16047471022673523
0.9666838548183475 0.1600072618536765
0.966721182844819 0.15918398954413304
0.9667582645953361 0.15836465364151192
0.9667026320881986 0.15791261957831665
0.9667391965540763 0.15710154667939083
0.9667755198225814 0.1562943311080432
0.9668116032666917 0.1554909515743394
0.9667544599740711 0.155058157434288
0.9667900423515071 0.15426278727026793
0.966825389792536 0.15347117698159665
0.9667670308974564 0.15305288825041463
0.9668018894379632 0.15226909683355833
0.9668365177860987 0.15148899133721425
0.9668709172278732 0.15071255179596907
0.9668111164548663 0.15031236339612214
0.9668450421095729 0.14954350610775902
0.9668787434271795 0.1487782434982754
0.9668177769651868 0.1483917183346141
0.966851015834684 0.1476338602423992
0.9668840348042743 0.14687952758077197
0.9669168350800478 0.14612870160317432
0.9668544903113722 0.1457592191231424
0.9668868422413082 0.1450155766417954
0.9669189797540962 0.14427537405966884
0.9668555152333018 0.14391877356291666
0.9668872149816803 0.14318558844397392
0.9669187044682298 0.14245577830526185
0.9669499848254797 0.14172932552355405
0.966885200691753 0.14138878496944798
0.96691605645968 0.14066914295036426
0.966946707105963 0.13995279563831542
0.9668808455197495 0.13962441151745505
0.9669110814633416 0.1389147196817477
0.9669411161812735 0.13820826162229166
0.9669709507382672 0.13750502075267906
0.966903823767318 0.13719178241074148
0.9669332559452634 0.13649500348377355
0.9669624917222231 0.13580138290878185
0.9668943262659749 0.13549962645902122
0.9669231689123191 0.1348123224236485
0.9669518188147113 0.1341281194887318
0.9669802769752749 0.13344700202619533
0.9669108962674408 0.13315954006612882
0.9669389728380072 0.1324845577328135
0.9669668611982644 0.13181260555360924
0.9668964779141042 0.1315359977229013
0.9669239933457712 0.1308700443715238
0.9669513240037111 0.1302070673215704
0.9669784708321673 0.1295470518320127
0.9669069186682875 0.1292839449296245
0.9669337033876428 0.12862975803525356
0.9669603075981336 0.12797848063673853
0.9668877859557192 0.12772564306000578
0.9669140361777655 0.12708006634854674
0.9669401091237911 0.1264373484245416
0.9669660056844794 0.1257974753689916
0.9668923580742507 0.12555739823402623
0.9669179108009969 0.12492306595231167
0.9669432902679926 0.12429152948664378
0.9668687036889189 0.12406117637884592
0.966893746943887 0.1234350605287714
0.9669186199834661 0.12281169269867116
0.9669433236486897 0.12219105973240002
0.9668676508259384 0.12197277544231076
0.9668920278195744 0.12135741271774628
0.9669162383838709 0.12074473859653852
0.9668396547154613 0.12053566941252881
0.9668635457694821 0.11992815253964403
0.9668872732639199 0.11932327917496448
0.9669108379937182 0.11872103687118617
0.9668332048644774 0.11852338992320464
0.9668564590567029 0.11792616332291651
0.9668795532619094 0.11733152411409371
0.9669024882507861 0.11673946022248403
0.9668238256092322 0.11655288702487926
0.9668464587330482 0.1159657019624515
0.9668689353297648 0.11538104991636174
0.9667894018782137 0.11520295992132638
0.966811583119902 0.11462308385403164
0.9668336104567361 0.11404569954112469
0.9668554846182705 0.11347079554208704
0.9667749542822579 0.11330319630504221
0.9667965412577 0.11273293925429914
0.9668179775979591 0.11216512252843101
0.9667365992547194 0.11200557847878599
0.9667577545410937 0.11144231174329046
0.9667787616701458 0.11088144631023407
0.9667996213331326 0.11032297132971854
0.9667172763241695 0.11017337181562882
0.9667378626351908 0.10961932507647439
0.966758303881605 0.10906763095280736
0.9667786007344654 0.108518278906322
0.9666953055345618 0.10837832863533277
0.966715336489723 0.1078332869440585
0.9667352253793723 0.10729055063259885
0.9666511146748835 0.10715803803995896
0.9666707432626676 0.10661952350018522
0.9666902320573159 0.10608327850845466
0.9667095816955431 0.10554929305689137
0.966624547600251 0.10542593560487248
0.9666436439747423 0.10489606053668935
0.9666626033967742 0.10436841023997696
0.9666814264849154 0.10384297498710607
0.9665954836607523 0.10372850507123091
0.9666140603022468 0.10320707226627165
0.9666325027480114 0.10268782075948729
0.9665457729879768 0.1025802304914196
0.9665639741046941 0.10206490032645026
0.9665820431139386 0.10155171849115911
0.9665999806034056 0.10104067573553097
0.9665123658660095 0.10094152523730737
0.9665300684717486 0.10043430170135166
0.9665476415845458 0.09992918523237523
0.9664592560363356 0.09983658714331975
0.9664765991040444 0.09933521315505067
0.9664938146590576 0.09883591494728468
0.9665109032601974 0.09833868371708576
0.9664216547051475 0.0982541045786678
0.9664385193602025 0.09776051912706245
0.9664552589842396 0.09726897026045159
0.966471874120792 0.09677944941261343
0.9663817746553123 0.09670266063080755
0.9663981717603449 0.0962166917470409
0.9664144462454688 0.09573272135092943
0.966430598639475 0.09525074110462356
0.9663396598563282 0.0951815217401366
0.9663555999559524 0.09470300242252437
0.9663714197787754 0.09422644455402465
0.9662797410112232 0.09416314183348592
0.9662953528467362 0.09368997648599545
0.9663108461793541 0.0932187445180001
0.9663262215127257 0.09274943798171635
0.9662337220030688 0.09269333512428976
0.9662488947873552 0.09222733476021917
0.9662639512964323 0.09176323253646002
0.9662788920206111 0.09130102071211321
0.966185582058314 0.09125191647648877
0.9662003255121069 0.09079292697753376
0.9662149548569501 0.09033580133738241
0.9661209239710313 0.0902921980762672
0.9661353600085352 0.08983823175418475
0.9661496835765496 0.08938610332091616
0.9661638951426158 0.08893580538928904
0.9660690701748996 0.08889886426016406
0.9660830934433657 0.08845164602201189
0.9660970063042517 0.08800623302010127
0.9661108092130054 0.08756261805509237
0.966015199278099 0.08753215548732825
0.9660288187552408 0.08709154284855809
0.9660423298311035 0.08665270366157057
0.9660557329494517 0.08621563090857517
0.9659593467679899 0.08619146925743158
0.9659725711821697 0.08575732363999394
0.9659856891476823 0.08532492052842011
0.9658886041988675 0.08530575288734271
0.9659015470096002 0.08487622040631909
0.9659143848486343 0.08444840700240422
0.9659271181397635 0.08402230596862037
0.9658292706551298 0.08400914240748952
0.9658418332851186 0.08358584048990422
0.9658542928047091 0.08316422813138576
0.9658666496270714 0.08274429879025587
0.9657680473020237 0.08273697696427133
0.9657802378316809 0.08231977719426048
0.9657923270634944 0.0819042382275532
0.9658043154003604 0.08149035368240193
0.9657049655857228 0.08148871638911206
0.9657167918775303 0.08107749377062375
0.9657285186369389 0.0806679039367094
0.9964989634246119 0.028005908410858718
0.965640055970643 0.08026383565336649
0.9656515256766391 0.07985846849408094
0.9656628975701397 0.07945470681344333
0.996387954195596 0.028591743296057456
0.9655733479728988 0.07906182434483501
0.9655844685418576 0.0786621941448084
0.9655954929741885 0.07826414280704314
0.965493996637817 0.07827775355439665
0.9655048701923559 0.07788218616594769
0.9655156488766704 0.07748817751076378
0.9655263330576349 0.0770957217686471
0.965424113211675 0.07711447128723938
0.9654346503433329 0.07672443845260542
0.9654450942056227 0.07633593891080552
0.9654554451566372 0.07594896697861202
0.9653525076559256 0.07597272016982447
0.9653627152840324 0.07558811171266785
0.9653728312034804 0.0752050117372826
0.9653828557638583 0.07482341469314638
0.9652792061795048 0.07485204062930298
0.9652890910447482 0.07447274918318758
0.9652988857231867 0.07409494201715873
0.9958614170397415 0.032547179982599865
0.9652042341845964 0.07375198548872881
0.9652138028549155 0.07337790640549069
0.9652232828226694 0.0730052879908128
0.9957509676621715 0.0338766347882832
0.9651276162928103 0.07267211955557457
0.9651368751690557 0.07230315081727903
0.9651460467905547 0.07193561970769274
0.9955885842769419 0.027365995444216206
0.9650493763702948 0.07161201922665095
0.965058331691667 0.07124806136096702
0.9650672011708376 0.07088551863803728
0.9649607949263683 0.0709317142721151
0.9649695375518338 0.07057127210866669
0.9649781954011095 0.07021222810750764
0.9649867687865569 0.06985457729993602
0.9648796725315921 0.06990507803489544
0.9648881222639778 0.06954947665371193
0.9648964885725325 0.06919525189499474
0.9649047717625219 0.06884239890102203
0.9647969895908354 0.06889709522701455
0.9648051522472476 0.06854624180899387
0.9648132327998851 0.06819674398137873
0.9648212315471321 0.0678485969941335
0.9647127673228305 0.06790738270042182
0.9647206485774579 0.06756118668017586
0.9647284490170565 0.06721632571064791
0.9647361689333336 0.06687279514632025
0.9646270262975781 0.0669355672121179
0.9646346316861988 0.0665939402077072
0.9646421575181793 0.0662536281918855
0.9646496040787483 0.06591462662059445
0.9645397864561959 0.06598128511027519
0.9645471213805114 0.06564414085557814
0.9645543779771375 0.06530829199062126
0.9645615565250149 0.06497373406985747
0.9644510671299881 0.06504418203234105
0.9644581368617972 0.06471143631192953
0.9644651294663145 0.06437996683193103
0.9644720452163754 0.0640497692424723
0.9643608870587754 0.0641239126145937
0.9643676967439907 0.0637954832010135
0.9643744304746105 0.06346831131478216
0.9643810885175434 0.06314239269895568
0.9642692644085156 0.06322014021264737
0.964275819071031 0.06289594680599862
0.9642822989247682 0.06257299263711169
0.9642887042308795 0.062251273539328744
0.9641762167882436 0.06233253663243676
0.9641825213336606 0.062012500802155236
0.9641887521900298 0.06169368633119615
0.9641949096129115 0.061376089140635505
0.9640817612663677 0.06146078187121822
0.964087820485584 0.06114482699996389
0.9640938071101599 0.06083007600884747
0.9640997213902226 0.060516524904215455
0.9639859143863401 0.060604563868166345
0.9639917329590095 0.060292615097729554
0.9639974800068589 0.05998185311602795
0.9640031557747358 0.05967227401230116
0.963888692181738 0.05976357826414991
0.9638942746796035 0.059455562443294724
0.9638997866985928 0.05914871669648085
0.9639052284784217 0.05884303719354383
0.9637901101907728 0.05893752817030348
0.9637954610808807 0.058633373804460945
0.9638007425148651 0.05833037316398639
0.9638059547274539 0.05802852249709312
0.9636901834702561 0.05812612394501844
0.9636953071180556 0.057825761147756845
0.963700362309955 0.05752653608289294
0.9637053492758321 0.057228445074873804
0.9635889266090442 0.057329082979003035
0.963593827281377 0.05703244342520276
0.9635986604761423 0.056736925956567735
0.9636034264185008 0.05644252697170767
0.963486353740982 0.05654612948807709
0.9634910356089661 0.05625314636873724
0.9634956509564413 0.05596127002344322
0.9635002000039803 0.05567049692296571
0.9633824785573678 0.055776994313378965
0.9633869456991815 0.055487602291989666
0.9633913472568655 0.05519930206034351
0.96339568344653 0.054912090159434435
0.9931686516411307 0.029005103403867572
0.9632815707225266 0.05473554989909904
0.9632857624582403 0.05445076219279047
0.9632898897378673 0.054167048219100414
0.9934331999110605 0.05088453123385817
0.9631749234331238 0.05399673410028401
0.963178909227582 0.053715396712010546
0.9631828314584555 0.05343511876557174
0.9933246562462825 0.05293657081949071
0.9630670161797654 0.05327090583390262
0.9630707998290639 0.05299295789836007
0.9630745207883811 0.05271605541287009
0.9917450086437781 0.014840233501788279
0.9629578609165662 0.052557821894726305
0.9629614461345812 0.05228320385092398
0.9629649695178357 0.052009617556331565
0.9931050233928904 0.05480488728011398
0.9628474692132285 0.051857244768187004
0.9628508596339366 0.05158589832302498
0.9628541890572201 0.05131557020937592
0.99299527883329 0.05582748322444706
0.9627358522649373 0.05116894247035558
0.9627390514446551 0.05090081056342323
0.9627421904468815 0.050633683845911305
0.9627452694625558 0.05036755925519436
0.9626230209018986 0.050492688393427576
0.9626260323214492 0.05022771516296759
0.9626289843665043 0.04996373424814419
0.9626318772243245 0.04970074264435838
0.9923293345579133 0.032683821147711276
0.9625118126653428 0.049566391906493534
0.9625145811441632 0.04930550235959383
0.9625172912186744 0.04904558956774383
0.9926327985812564 0.055429209784374794
0.9623964025324715 0.04891662562975607
0.962398990765053 0.048658774143094934
0.9624015213602929 0.048401887108478696
0.9925291126602536 0.059705101283922576
0.9622798116425686 0.04827820608120556
0.9622822228799095 0.04802334044360508
0.9622845772313378 0.04776942720145672
0.9924121645713808 0.056745720533250256
0.9621620493871502 0.047650927788415585
0.9621642868131309 0.04739899685562375
0.9621664680894951 0.047148006501740586
0.9922100403439197 0.04774743049396598
0.9620431248374113 0.047034589928987514
0.9620451915706129 0.04678554359505053
0.9620472028757535 0.04653742625736621
0.9620491589223921 0.04629023519068278
0.9921730613583963 0.06255258293966415
0.9619249458473061 0.046182785375310745
0.9619267902219042 0.0459374921863772
0.9619285800420598 0.045693113963271734
0.9885181128498177 0.006632524703330228
0.9618035580345107 0.045590531287585515
0.9618052384577783 0.045348014357932266
0.9618068650167496 0.045106401309853494
0.9909700456324637 0.026334829177088112
0.9616810362269119 0.045008594684993034
0.9616825556182291 0.044768807077329685
0.961684021821837 0.044529912482339826
0.9916999389397282 0.04837503962516212
0.9615573882293722 0.04443679307057214
0.9615587494498714 0.04419968877480386
0.9615600581460332 0.04396346683276326
0.9615613144747244 0.04372812471977364
0.9917080374678177 0.06632581790971744
0.961433827417585 0.0436404818979493
0.961434981397838 0.04340688770648078
0.9614360836582854 0.04317416293453532
0.9915987150884197 0.0672056144461926
0.9613077967107918 0.043091012807643145
0.9613087987117698 0.042860002338840644
0.9613097496281157 0.0426298510786177
0.9914894283793746 0.06804643976808658
0.9611806642495149 0.04255111167733142
0.9611815169543776 0.042322641755191355
0.9611823191976016 0.04209502102438443
0.9611830711272242 0.041868247099900835
0.991056627840913 0.04512823851376099
0.9610531427300456 0.04179464067410568
0.9610537989193403 0.041569508315696196
0.9610544054035353 0.041345212976694835
0.9912436171533117 0.06969742061461312
0.9609236823865955 0.04127583741370686
0.9609241950907004 0.041053152074898756
0.9609246586866828 0.040831294151972675
0.9906666214440305 0.04117530358711193
0.960793142020695 0.04076607380097882
0.9607935137591893 0.040545794912776364
0.9607938369752952 0.04032633401588496
0.9607941118088792 0.040107688854660775
0.99099677828656 0.07020422142394186
0.9606617607276355 0.04004728284135939
0.9606619460245671 0.039830179340154204
0.9606620835113215 0.03961388236305373
0.9908851862054949 0.06979559492262331
0.9605289415591901 0.039557465189491325
0.9605289913512236 0.039342680194230685
0.9605289938947761 0.03912869268110615
0.9907717579909353 0.06922773290443689
0.9907189205776795 0.06492738566747115
0.9603949782383131 0.03886368986408289
0.960394848197291 0.038651973812852805
0.9603946715913874 0.0384410442317034
0.9906436895260312 0.07480216847285368
0.9602599117398358 0.0383930647735327
0.9602596514289945 0.03818358288233485
0.9602593450921867 0.03797487878207484
0.9905347145245915 0.07558944100824469
0.96012379668521 0.03793066440804232
0.9601234083765271 0.03772338005791404
0.9601229745709409 0.037516864976631634
0.9601224953958535 0.03731111710613543
0.9903889539658364 0.07181110337333867
0.9599861236073234 0.03727122847893723
0.9599855645536014 0.03706686661714372
0.9599849606476892 0.03686326363128301
0.990288474295625 0.07588566005779712
0.9598478014737429 0.03682699418466868
0.9598471193520686 0.03662475038908457
0.9598463928861698 0.03642325728364474
0.9901807245981317 0.07804003382393333
0.9901532957225836 0.07783698212416115
0.9597076430681514 0.03619038579322246
0.9597067961738565 0.035990968191015694
0.9597059055548987 0.0357922912867371
0.989923010154836 0.06234764134912033
0.9595671395973878 0.035763645079311554
0.959566174367999 0.035566269214985416
0.9595651659018876 0.03536962618220585
0.9839053027638767 0.003969062546878979
0.9872934011961536 0.018676862957556894
0.9594245311241956 0.035149035887092006
0.959423406858209 0.03495439369588195
0.9594222399511722 0.03476047472480919
0.9864095398142132 0.014014140061165813
0.9592818698999259 0.034739146346919735
0.9592806318450879 0.03454647254695811
0.9592793516181206 0.034354514404292866
0.9878625744007166 0.02666710916284817
0.9896307568082476 0.07314705113426667
0.959136844089912 0.03414574398880947
0.9591354525104231 0.03395571492150082
0.9591340193317732 0.03376639226219611
0.989555566440769 0.08315476945689523
0.9589920466294963 0.0337520917511756
0.9589905456305468 0.03356396055554477
0.9589890034832826 0.033376528493708015
0.9894470122978736 0.08440512904486754
0.98926333919773 0.06457737670533009
0.9588446337943552 0.033179137992833986
0.9588429845701829 0.03299356598623904
0.9588412947490753 0.032808684208689806
0.9893112922242748 0.08533910925965679
0.9892841656997422 0.08567558894151449
0.9586959651921892 0.03261739430045108
0.9586941705869803 0.032434335557301776
0.9586923359247836 0.03225195832089131
0.989175647100405 0.08655705532747739
0.9585479477691042 0.03224790528566204
0.9585460501997082 0.032066640183472515
0.9585441129978739 0.03188604973399138
0.9890659534999241 0.08554792404769442
0.9890400259266136 0.08741184038340116
0.9583969357990533 0.03170549266897485
0.9583948978393751 0.0315266602231431
0.9583928207672134 0.031348494027067034
0.9887518561843994 0.06664414479078537
0.9582468294230838 0.03135078977325111
0.9582446924573582 0.0311736870281073
0.9582425167877837 0.030997243933194994
0.9882902985134625 0.05358765793347983
0.9887074511592227 0.07379535258848799
0.9580934986894313 0.03082702950798646
0.9580912261380469 0.030652281790848217
0.9580889153837289 0.03047818562527713
0.9886875985928327 0.08979311246746736
0.9886500772767195 0.08501595487536363
0.9579389504591314 0.030313509488996557
0.9579365449036149 0.03014107507683819
0.9579341016359838 0.02996928427894159
0.9885523529440852 0.09143649155894086
0.9577856912271759 0.02998083093577748
0.9577831925232109 0.029810031560497368
0.957780656492567 0.029639869571166624
0.9884301363012057 0.08586480212058088
0.988387298563878 0.08313253676042426
0.957628859528888 0.02948496139418793
0.9576262323545517 0.029316402032556282
0.9576235683266854 0.02914847240221218
0.9883054916429916 0.09027838057462909
0.9881610415841257 0.07500206563193107
0.9574708303220867 0.028998790327660857
0.9574680771149392 0.028832431562296507
0.9574652875180327 0.02866669502356739
0.9863019644084664 0.033236710158347414
0.957314451338053 0.028686944996994566
0.957311610512883 0.02852213184643149
0.9573087336618558 0.02835793503905627
0.9797038759421559 0.0025325443362803576
0.9880378054715361 0.09433394205232043
0.957154169283136 0.028217486033070345
0.9571512067083345 0.028054804202512256
0.9571482085550271 0.0278927314733533
0.9879288206513714 0.09437192389520457
0.9879032337197164 0.09676753996253146
0.9569927072429796 0.027757217473078393
0.9569896252227932 0.02759662968167725
0.9569865080627301 0.02743664388951553
0.9877936751108071 0.09539418865082212
0.9831148899167995 0.013836764571180323
0.9568300712904263 0.027305964809398935
0.9568268720840244 0.027147434498996467
0.9872076438367897 0.06240126012218489
0.9876600936465676 0.09830667326998586
0.956669547021149 0.027020655644373316
0.9566662672164444 0.026863557381494974
0.9566629530391049 0.026707048697789594
0.9875521606828874 0.09957764200571806
0.9875198187151548 0.09553193113515945
0.9565046935541847 0.026584933355181146
0.9565013005358453 0.026429828277580916
0.956497873560103 0.026275306051875964
0.9873602731119623 0.08705860866784833
0.9873894001813199 0.0991525419348237
0.9563386805859446 0.026157760759530007
0.956335176492796 0.0260046142394832
0.9563316388495554 0.025852043970997843
0.987282258045656 0.10113861403150254
0.98725485709542 0.10058155734804332
0.9561715131360076 0.025738977506953017
0.9561679000661287 0.025587755570582425
0.9561642538457428 0.02543710340930194
0.9826456903498372 0.01651770177815462
0.9871204882088912 0.10243918773645116
0.9560031959626829 0.025328426736164547
0.9559994759744574 0.025179096046722062
0.9870396464812894 0.10313080737955119
0.9870127734577335 0.10371128758748538
0.9558375260031788 0.025073985598590177
0.955833733567972 0.024925954988325814
0.9558299086811076 0.024778482829977484
0.9868996411898985 0.10038190532010553
0.986872259070729 0.10041709789825998
0.9556670259330107 0.02467761016932312
0.955663130202348 0.02453141212308316
0.9556592023988643 0.02438576638518553
0.9867703524555843 0.10578515686940229
0.9798862029009153 0.00813554360084819
0.9554953869431544 0.024289048353115565
0.9554913898693607 0.0241446512372882
0.9554873610945472 0.0240008003991319
0.9866333523519405 0.10395031543229971
0.9866062809629298 0.1040678415173704
0.955322612830639 0.023908155827522422
0.9553185163300703 0.023765528586298094
0.9553143884934164 0.023623441702308647
0.9858192352847894 0.0637270293900373
0.9864739433209645 0.1070594419155641
0.9551487071533686 0.023534791366838385
0.9551445131073191 0.02339390350777015
0.9551402880834154 0.023253550193144894
0.9863667011115835 0.1089875235138386
0.977884379050686 0.004917552119171351
0.9549736732342621 0.02316881676787139
0.9549693834898433 0.023029638347861026
0.9549650631192561 0.022890988764630672
0.9834152901786636 0.03200727991870452
0.9862053801100116 0.11026791400266496
0.9547975141652376 0.02281009677805316
0.9547931305362319 0.022672598389748885
0.9547887166263529 0.022535623233245997
0.9860978542051022 0.11090502438103188
0.9860696113637565 0.1091176089943481
0.9546202328110492 0.022458499025806176
0.9546157570787385 0.022322651784395638
0.9546112514046075 0.022187322270118583
0.9826612065996173 0.028831181779950504
0.98525359397307 0.06718946921834927
0.954441831812978 0.022113893953088166
0.9544372657269475 0.02197966948347595
0.9544326700320533 0.021845957334332554
0.9858288164822135 0.11202263085584119
0.9857167214953344 0.09599559599237689
0.9542623135923849 0.021776154750042596
0.954257658871304 0.021643525174396397
0.9542529748683607 0.02151140260831647
0.9856950582885362 0.11438291918972852
0.9840886239763765 0.049910910187277564
0.954081680354127 0.021445157291679534
0.954076938686507 0.021314095217335172
0.9540721680582078 0.021183534935237287
0.9830451407433265 0.03808090126656238
0.9855340699953198 0.1157030015024826
0.9538999340898436 0.02112078007652314
0.9538951071347742 0.020991258584233882
0.9538902515345238 0.02086223375833609
0.9849539929209143 0.07725601701034597
0.9853999732603843 0.11677922060590828
0.9537170765811155 0.020802904167156716
0.9537121659689798 0.020674896799676375
0.9537072270216055 0.020547381062138683
0.9850381788822196 0.08780270731822051
0.9852639617415531 0.11505211520979394
0.9535331094025006 0.020491413132603033
0.9535281167356697 0.02036489388359249
0.9535230960381131 0.02023886131547893
0.9851564517203466 0.11568245618782913
0.9851319451050624 0.11892703472845653
0.9533480339244516 0.02018619299247958
0.9533429607779593 0.020061136295724428
0.9533378598999472 0.019936561416276706
0.9810394897966804 0.02721840025407721
0.9848376753883304 0.0956862836387686
0.9531618513161163 0.019887132162870715
0.9531566992383155 0.01976351288180008
0.9531515197230124 0.01964037063800946
0.9847299595976795 0.09641038348372592
0.9848636454324834 0.1196544911484584
0.9529745625480271 0.01959412140385912
0.9529693330612269 0.019471914821356167
0.9529640764258692 0.019350180577826333
0.9847393475127659 0.11345352644527176
0.9808622467506748 0.02923559886599949
0.9527861683946816 0.01930705376866392
0.9527808629957668 0.01918623557715947
0.9527755307322797 0.01906588510624818
0.9846232954374048 0.12290536593802517
0.9845069658064312 0.10451106763719002
0.9844134731545927 0.09904955312580005
0.9525912895980503 0.018906370846171403
0.9525858831736466 0.0187873803184051
0.9844895647609617 0.12386729439386472
0.9844626590179045 0.12342177540605828
0.9798133730944898 0.02501647809469897
0.9524006132335892 0.018632218512010836
0.9523951340913522 0.01851456448676008
0.9843555421233038 0.12389686882948604
0.9843265569903249 0.12201595521914896
0.9779024067119008 0.01598035729967076
0.9522088340795488 0.018363678598863585
0.9522032836389993 0.018247338015272858
0.9521977072135601 0.018131450833515146
0.9841688150844705 0.11586359590643693
0.9841600551522228 0.12051696385951179
0.9520159521269067 0.018100653226796135
0.9520103317845539 0.017985603394959436
0.9520046857216754 0.017871002662918526
0.984061969654487 0.1269788459293876
0.9839387799474404 0.10796585185822659
0.951821967182519 0.01784304656842674
0.9518162783123971 0.01772926516080074
0.9518105639816898 0.01761592862231442
0.9837020198235157 0.09894681591233623
0.9784567726791938 0.021921761823566782
0.9838751578537082 0.1289456977484804
0.9516211228252848 0.017478229849961793
0.9516153415745009 0.017366135601356494
0.9837737777934003 0.1200613801702793
0.9837350456538455 0.11792344788899133
0.9837416742121772 0.12951069840536222
0.9514248647462196 0.01723240596127888
0.9514190179017583 0.017121532443275148
0.9514131461566793 0.017011094670281588
0.9836338182984544 0.12857010006344222
0.97793963581846 0.021655408536163757
0.9512275033202373 0.016991703915975116
0.9512215921876359 0.01688202990580884
0.9512156564008707 0.01677278762769059
0.9803693697404473 0.040916672324066296
0.9834749257651273 0.13137244632042522
0.983361617140173 0.11329611558846586
0.9510230634805215 0.016647540623320644
0.9510170649331825 0.01653947301145098
0.982279006542926 0.07233650633131325
0.9833359062347786 0.12810101627681295
0.9833038029879516 0.1263421616453792
0.950823430654624 0.01641797907006433
0.9508173706079918 0.016311065615830105
0.9508112864386253 0.016204575230156407
0.9832046364778032 0.1300653891210269
0.9831636951842933 0.1254947078443925
0.9506226924115033 0.016193261524566422
0.9506165721074772 0.016087482032127037
0.9506104279145701 0.015982121798849853
0.982993866154043 0.11662699348978511
0.983000602121281 0.12102981248189358
0.9829204396514393 0.11492624813350963
0.9504146679430596 0.015868640614324376
0.9504084649457919 0.01576439070441132
0.9703368994559668 0.0028553619888163663
0.9829068779947263 0.13027491657748003
0.982865453854794 0.12652260580019756
0.9502116564567669 0.015654461445783734
0.9502053958558833 0.01555130232780011
0.9501991118708646 0.015448554236564618
0.9706108693651009 0.003646095595579801
0.9827452316385542 0.13083934418561777
0.9500075358225252 0.015444866306955015
0.9500012188007507 0.015342778740401698
0.9499948786169089 0.015241098581746724
0.9826497164797614 0.1381848293557723
0.9815611532841898 0.07744238244520905
0.982592807006804 0.13498165067256088
0.9497959317698245 0.015138743672891891
0.949789536548733 0.015038112547972042
0.981145290309743 0.07113385774678209
0.9727334168437188 0.008983483273501736
0.9697867769700129 0.00332402336996604
0.9495895325871987 0.014939122485051803
0.9495830834732811 0.01483952177198294
0.9495766116770659 0.014740320638214809
0.9806939430339389 0.06642034570000127
0.9822507570674369 0.1223428336888068
0.9809607938516891 0.07294234624768758
0.9493755170336162 0.014645253484227669
0.9493689926832641 0.014547060970945847
0.9817161685819552 0.09699833723128128
0.9820801963024414 0.11946141999396513
0.9821715620337516 0.14260066629671392
0.9491668347099166 0.014455236480650356
0.9491602589133757 0.014358034555265508
0.9491536608980778 0.014261224643117432
0.9820653516799543 0.14307994585382644
0.9665863332839287 0.0009404118671810482
0.9820121392329795 0.1429902971585863
0.9489504076696593 0.014173171983211112
0.9489437595040157 0.014077331560131594
0.9818463208078174 0.12460962618621596
0.9818685562334938 0.13140880353177517
0.9818796395836902 0.14468794931899498
0.9487394360936419 0.013992405352813871
0.9487327388508514 0.013897516947764666
0.9487260198373164 0.01380301324122462
0.9817726216057228 0.1436367388557347
0.9817469208804652 0.14519973874493128
0.9775178237715976 0.0386594666331279
0.948520595904969 0.013721714630247328
0.9485138290692756 0.013628142503454678
0.9816389566252129 0.1436646477009361
0.9816143848490247 0.14628246036350218
0.9692087350317636 0.004952074080536883
0.9483073274738888 0.013549859882162132
0.9483005138561207 0.013457202399362673
0.9482936789007564 0.013364922541068027
0.9814819495989097 0.14753651383584765
0.9806022704757478 0.09023003997083247
0.9814278297107586 0.14609097750450903
0.9480860708326871 0.013290129864235365
0.9480791903112676 0.01319874484189544
0.9480722886841968 0.013107733651143406
0.9813228348704183 0.14823838166719405
0.9665879540031119 0.0021530312984038395
0.9748032622577273 0.024952180535897546
0.9478635713975843 0.013036356619962636
0.9478566253999415 0.01294622078938393
0.98115844190641 0.13785207862268553
0.9811642465061277 0.15036052557857826
0.9811365593782864 0.14837130933370854
0.9476468184667454 0.012877697808245379
0.9476398290903982 0.012788421181756542
0.9476328190198249 0.012699511664858623
0.9810222227224116 0.14470997074093225
0.9810055061748372 0.15194833397597451
0.9809790500526007 0.15203103939150814
0.9474218958932208 0.012634276328535074
0.9474148436031729 0.012546207126523557
0.9808369870452486 0.13524307096038057
0.9808688189245446 0.14822175433272766
0.9789273050150042 0.0702138806631987
0.9808203782829406 0.15326972482754955
0.9471957282438582 0.012396484485660062
0.9471886144007335 0.012309600520720627
0.9805751308747923 0.12598312551029336
0.9661246928034924 0.0028741862573351575
0.9806787628833646 0.147501136646935
0.9469754687566565 0.012250288078733637
0.9469683147812038 0.012164210418039459
0.9469611407231228 0.01207848986715047
0.9805823377908922 0.15434447164963244
