9.4037364021381498e-01 6.9543707893391471e-01
9.4072511282583338e-01 6.8984475013103719e-01
9.4117387333800728e-01 6.8199932710336142e-01
9.4151388806752867e-01 6.7657552461129178e-01
9.4184986369019352e-01 6.7121099201035195e-01
9.4227266132640031e-01 6.6374637729202945e-01
9.4259792085296223e-01 6.5853985497468492e-01
9.4291939036787342e-01 6.5338908650091831e-01
9.4331795292543585e-01 6.4628058384084730e-01
9.4362938518090822e-01 6.4127817191247072e-01
9.4393725593693190e-01 6.3632827841535189e-01
9.4424162081655127e-01 6.3143011854897824e-01
9.4461161830041251e-01 6.2474283335088887e-01
9.4490672276885490e-01 6.1998195394794176e-01
9.4519852699212070e-01 6.1526988565481633e-01
9.4554768017901869e-01 6.0889002573687123e-01
9.4583078355286010e-01 6.0430722672448056e-01
9.4611077611030581e-01 5.9977053900408295e-01
9.4644038167570388e-01 5.9367938703884648e-01
9.4671218856027828e-01 5.8926457253060360e-01
9.4698105943420285e-01 5.8489337115772444e-01
9.4729230935022057e-01 5.7907367343561700e-01
9.4755346966966503e-01 5.7481750616862837e-01
9.4781185555862968e-01 5.7060263685344270e-01
9.4810584736782721e-01 5.6503846389869661e-01
9.4835696159256655e-01 5.6093229488109686e-01
9.4860545098096449e-01 5.5686527496800942e-01
9.4888319688824441e-01 5.5154189773554274e-01
9.4912482067291959e-01 5.4757770360288105e-01
9.4936395833146181e-01 5.4365066121949501e-01
9.4960064402687894e-01 5.3976028057673520e-01
9.4985904157737711e-01 5.3472476799260760e-01
9.5008933256772210e-01 5.3093038771611933e-01
9.5031729801867038e-01 5.2717084320112328e-01
9.5056147214734166e-01 5.2234659177237086e-01
9.5078338539350260e-01 5.1867806601192890e-01
9.5100309070704547e-01 5.1504267355334987e-01
9.5123382664448863e-01 5.1041816539170037e-01
9.5144779812478331e-01 5.0686915079607497e-01
9.5165967122596229e-01 5.0335168016463583e-01
9.5187769758878193e-01 4.9891620344316329e-01
9.5208413319458263e-01 4.9548078173692695e-01
9.5228857260676247e-01 4.9207541842067670e-01
9.5249456636031982e-01 4.8781899860566963e-01
9.5269384446153249e-01 4.8449164133682726e-01
9.5289122180272845e-01 4.8119295220829178e-01
9.5308581271292747e-01 4.7710629018799633e-01
9.5327828646474733e-01 4.7388182693793884e-01
9.5346894869325638e-01 4.7068472927953026e-01
9.5365782160640078e-01 4.6751467441232247e-01
9.5383872274846315e-01 4.6363273526240295e-01
9.5402299418671999e-01 4.6053246877229814e-01
9.5420555846448596e-01 4.5745804290036862e-01
9.5437633336365879e-01 4.5372695807777080e-01
9.5455451752548548e-01 4.5071905952631808e-01
9.5473107154672232e-01 4.4773587247915519e-01
9.5489222163999454e-01 4.4414818775682152e-01
9.5506460288319861e-01 4.4122846800467513e-01
9.5523542627069213e-01 4.3833239815938185e-01
9.5538742030949653e-01 4.3488113165409442e-01
9.5555426533301246e-01 4.3204565477874241e-01
9.5571962041360636e-01 4.2923282868696538e-01
9.5586289705321148e-01 4.2591143435357032e-01
9.5602445625560506e-01 4.2315649866152977e-01
9.5618458938563389e-01 4.2042327250993622e-01
9.5631955953324210e-01 4.1722560695605782e-01
9.5647606824735021e-01 4.1454772768455117e-01
9.5663121101767967e-01 4.1189067039879307e-01
9.5678500295041535e-01 4.0925421309574117e-01
9.5690993958169224e-01 4.0620685620867875e-01
9.5706030991495483e-01 4.0362273403298998e-01
9.5720938521962218e-01 4.0105838632587820e-01
9.5732685827044395e-01 3.9812212754229392e-01
9.5747266142157028e-01 3.9560788994620694e-01
9.5761722219506673e-01 3.9311264681635677e-01
9.5772756576622042e-01 3.9028246151217127e-01
9.5786899523608282e-01 3.8783522829270117e-01
9.5800923204460531e-01 3.8540625190762429e-01
9.5811276034245008e-01 3.8267740649544318e-01
9.5824999871330907e-01 3.8029445595782319e-01
9.5838609140898390e-01 3.7792906411051014e-01
9.5848310018323202e-01 3.7529709547599349e-01
9.5861631988369722e-01 3.7297585358895397e-01
9.5874843835255619e-01 3.7067150908711161e-01
9.5883920621167751e-01 3.6813220573679650e-01
9.5896857021803461e-01 3.6587023616969927e-01
9.5909687506598540e-01 3.6362453708489306e-01
9.5922413141891316e-01 3.6139495031253810e-01
9.5930732716218881e-01 3.5896891680109400e-01
9.5943197034490746e-01 3.5677958749739325e-01
9.5955560434634435e-01 3.5460578368000295e-01
9.5963313646388304e-01 3.5226367338954029e-01
9.5975426186591295e-01 3.5012855625975081e-01
9.5987441536945706e-01 3.4800840737724403e-01
9.5994651431113343e-01 3.4574671797291662e-01
9.6006425827891684e-01 3.4366376581798291e-01
9.6018106573155948e-01 3.4159525238591659e-01
9.6024794929988999e-01 3.3941066844428297e-01
9.6036244113295588e-01 3.3737793743806621e-01
9.6047603005611071e-01 3.3535914161399411e-01
9.6053790424657615e-01 3.3324852245735159e-01
9.6064926665067774e-01 3.3126416564486144e-01
9.6075975808406544e-01 3.2929326485575655e-01
9.6086938669882516e-01 3.2733569835124965e-01
9.6092516736520484e-01 3.2531589460218424e-01
9.6103267627690414e-01 3.2339115564743237e-01
9.6113935235774473e-01 3.2147930039015193e-01
9.6119055363165884e-01 3.1952689626419228e-01
9.6129518929730007e-01 3.1764666985315476e-01
9.6139902067689897e-01 3.1577889773984508e-01
9.6144581502439896e-01 3.1389125014502772e-01
9.6154768137818269e-01 3.1205396583217143e-01
9.6164877063499254e-01 3.1022872635155541e-01
9.6169132162992377e-01 3.0840332456858699e-01
9.6179051758988099e-01 3.0660748605274113e-01
9.6188896236709087e-01 3.0482330167345040e-01
9.6192742524441199e-01 3.0305775927360401e-01
9.6202404501408789e-01 3.0130194003108374e-01
9.6211993831553588e-01 2.9955740191618591e-01
9.6221511149964112e-01 2.9782404951977060e-01
9.6224859383254002e-01 2.9613228848529682e-01
9.6234202429750126e-01 2.9442605250668047e-01
9.6243475794676558e-01 2.9273065007238275e-01
9.6246447833754756e-01 2.9109372860448596e-01
9.6255553049614295e-01 2.8942451163284100e-01
9.6264590809179162e-01 2.8776579154031423e-01
9.6267199787084379e-01 2.8618168034260166e-01
9.6276075238164383e-01 2.8454825679095702e-01
9.6284885359277173e-01 2.8292500810145599e-01
9.6287143769661010e-01 2.8139177365477980e-01
9.6295797156787299e-01 2.7979297225555200e-01
9.6304387246865364e-01 2.7820403754621192e-01
9.6312914565106833e-01 2.7662489027807324e-01
9.6314745660984225e-01 2.7515453739873313e-01
9.6323122988198939e-01 2.7359880980769324e-01
9.6331439466051538e-01 2.7205257785739845e-01
9.6332946374668005e-01 2.7062901579259935e-01
9.6341117886831995e-01 2.6910543625872413e-01
9.6349230389886553e-01 2.6759107278457989e-01
9.6350423759441162e-01 2.6621264503414177e-01
9.6358396101642085e-01 2.6472019971650729e-01
9.6366311197196830e-01 2.6323670245118430e-01
9.6367201179245909e-01 2.6190182723736721e-01
9.6374980710322999e-01 2.6043954510096051e-01
9.6382704683573750e-01 2.5898595397812990e-01
9.6390373537609619e-01 2.5754098742091658e-01
9.6390893768693453e-01 2.5626007069739015e-01
9.6398432637876008e-01 2.5483546562916676e-01
9.6405917989269418e-01 2.5341924110470487e-01
9.6406156366140350e-01 2.5217851997837837e-01
9.6413515896703372e-01 2.5078201877247597e-01
9.6420823445679849e-01 2.4939366382697828e-01
9.6420788677486335e-01 2.4819177394357075e-01
9.6427974395366767e-01 2.4682253034999774e-01
9.6435109605993286e-01 2.4546120798073201e-01
9.6434810011548699e-01 2.4429684393949921e-01
9.6441827215615217e-01 2.4295404581746494e-01
9.6448795328036829e-01 2.4161895266940564e-01
9.6455714718370578e-01 2.4029150830142273e-01
9.6455092630357364e-01 2.3917373252117477e-01
9.6461898672277480e-01 2.3786409719320065e-01
9.6468657337794006e-01 2.3656190485560702e-01
9.6467788145596201e-01 2.3547887348030005e-01
9.6474436943054065e-01 2.3419395493323006e-01
9.6481039657491863e-01 2.3291628142943965e-01
9.6479930539777059e-01 2.3186686154606492e-01
9.6486426727272734e-01 2.3060594760543671e-01
9.6492878075400645e-01 2.2935208822528272e-01
9.6491535900733383e-01 2.2833519391140719e-01
9.6497883930745809e-01 2.2709759985846331e-01
9.6504188317729345e-01 2.2586687699110874e-01
9.6510449375590224e-01 2.2464297741403386e-01
9.6508823812339484e-01 2.2366653419168994e-01
9.6514985472553050e-01 2.2245829601924641e-01
9.6521104943467317e-01 2.2125670625103278e-01
9.6519261016083302e-01 2.2031046617152217e-01
9.6525284021405788e-01 2.1912408543793252e-01
9.6531265934897970e-01 2.1794418459879514e-01
9.6529209601381449e-01 2.1702719992570682e-01
9.6535097869010555e-01 2.1586207277586425e-01
9.6540946101916247e-01 2.1470326309232288e-01
9.6546754578558691e-01 2.1355072828313687e-01
9.6544440371273343e-01 2.1267016878146397e-01
9.6550158654991924e-01 2.1153187450742653e-01
9.6555838191231869e-01 2.1039969995884214e-01
9.6553324361657666e-01 2.0954636347995692e-01
9.6558916288993657e-01 2.0842802987803480e-01
9.6564470441372785e-01 2.0731566632741252e-01
9.6561762176048693e-01 2.0648872245262453e-01
9.6567231207668192e-01 2.0538981483178342e-01
9.6572663402241554e-01 2.0429673281774408e-01
9.6578059007791173e-01 2.0320943838548294e-01
9.6575115146733748e-01 2.0241538612970231e-01
9.6580428685076392e-01 2.0134107509570190e-01
9.6585706530779336e-01 2.0027241347169136e-01
9.6582579395677881e-01 1.9950296839686002e-01
9.6587777460560953e-01 1.9844693584330370e-01
9.6592940697986784e-01 1.9739641925124402e-01
9.6589634818344094e-01 1.9665085103178578e-01
9.6594720479101559e-01 1.9561262171363536e-01
9.6599772147760166e-01 1.9457977942674043e-01
9.6604790046076106e-01 1.9355229009760283e-01
9.6601268089990022e-01 1.9283650045040901e-01
9.6606211122335151e-01 1.9182087804239278e-01
9.6611121183839033e-01 1.9081048509222265e-01
9.6607430259523175e-01 1.9011699816187969e-01
9.6612267485689030e-01 1.8911815679730984e-01
9.6617072513542879e-01 1.8812442548409078e-01
9.6613216588144712e-01 1.8745259673954556e-01
9.6617950740431602e-01 1.8647011250117690e-01
9.6622653441118855e-01 1.8549262282861972e-01
9.6627324889191424e-01 1.8452009708278502e-01
9.6623270043794829e-01 1.8387529466359293e-01
9.6627873031311295e-01 1.8291364075195699e-01
9.6632445481825024e-01 1.8195684000303711e-01
9.6628234222776521e-01 1.8133230320895577e-01
9.6632740022603980e-01 1.8038609269800357e-01
9.6637215977622271e-01 1.7944462814841164e-01
9.6632851788489671e-01 1.7883978630932965e-01
9.6637262841365368e-01 1.7790863979151339e-01
9.6641644719180830e-01 1.7698213545056307e-01
9.6645997601093403e-01 1.7606024564499384e-01
9.6641449615259645e-01 1.7547998881035209e-01
9.6645739753922655e-01 1.7456808096308826e-01
9.6650001539342800e-01 1.7366068798881557e-01
9.6645308185968148e-01 1.7309889026046646e-01
9.6649508846637422e-01 1.7220122696287546e-01
9.6653681776306632e-01 1.7130798198906397e-01
9.6657827141878960e-01 1.7041912955325944e-01
9.6652959491387336e-01 1.6988037714663576e-01
9.6657045733163649e-01 1.6900094250962533e-01
9.6661105008412251e-01 1.6812580762185178e-01
9.6656098922811062e-01 1.6760437491707483e-01
9.6660100574654229e-01 1.6673842366983194e-01
9.6664075838931129e-01 1.6587668222469179e-01
9.6658934126861307e-01 1.6537210175358460e-01
9.6662853219671796e-01 1.6451931723691887e-01
9.6666746486007082e-01 1.6367065530597646e-01
9.6670614076939054e-01 1.6282609257756150e-01
9.6665310351329425e-01 1.6234255109693502e-01
9.6669123569096760e-01 1.6150666452571144e-01
9.6672911650918047e-01 1.6067479324483414e-01
9.6667478426531461e-01 1.6020708779968815e-01
9.6671213483985430e-01 1.5938368182377416e-01
9.6674923928621903e-01 1.5856420972485077e-01
9.6678609901673696e-01 1.5774864961515250e-01
9.6673022411770626e-01 1.5730071205280463e-01
9.6676657033074775e-01 1.5649335579960838e-01
9.6680267686131627e-01 1.5568983314940013e-01
9.6674556327412453e-01 1.5525679167610248e-01
9.6678116883435739e-01 1.5446127651737107e-01
9.6681653959603697e-01 1.5366951886577862e-01
9.6685167688128448e-01 1.5288149820656396e-01
9.6679309203032560e-01 1.5246704696793265e-01
9.6682774392348336e-01 1.5168679002517868e-01
9.6686216704276973e-01 1.5091019675674758e-01
9.6680239527014500e-01 1.5050977111509073e-01
9.6683634468484714e-01 1.4974075845293439e-01
9.6687006989122015e-01 1.4897533824973727e-01
9.6690357212854450e-01 1.4821349125336331e-01
9.6684239493191682e-01 1.4783056343948694e-01
9.6687543799267051e-01 1.4707606946501237e-01
9.6690826248345907e-01 1.4632508003500891e-01
9.6684594599570206e-01 1.4595537069155023e-01
9.6687832221071479e-01 1.4521156331953808e-01
9.6691048412902869e-01 1.4447119376300527e-01
9.6684704755188999e-01 1.4411437133106320e-01
9.6687877177113390e-01 1.4338101787915838e-01
9.6691028584571770e-01 1.4265103737756360e-01
9.6694159090692988e-01 1.4192441222321869e-01
9.6687683432355098e-01 1.4158365541464529e-01
9.6690771485435512e-01 1.4086383977229475e-01
9.6693839037632412e-01 1.4014731687849352e-01
9.6687255600029154e-01 1.3981872150002245e-01
9.6690281687425494e-01 1.3910885290357991e-01
9.6693287663235872e-01 1.3840221617437562e-01
9.6696273633817476e-01 1.3769879474473776e-01
9.6689563617871543e-01 1.3738535093949580e-01
9.6692509355438205e-01 1.3668839037103200e-01
9.6695435463484769e-01 1.3599458631144135e-01
9.6688621564802757e-01 1.3569262944627344e-01
9.6691508364299250e-01 1.3500514090926424e-01
9.6694375899702412e-01 1.3432075167515320e-01
9.6697224271118221e-01 1.3363944613328735e-01
9.6690288807008373e-01 1.3335178964184144e-01
9.6693099023412954e-01 1.3267661830040614e-01
9.6695890428722020e-01 1.3200447537626586e-01
9.6688854672667535e-01 1.3172767809820857e-01
9.6691608788765837e-01 1.3106153313115729e-01
9.6694344437167756e-01 1.3039836277087968e-01
9.6697061712200072e-01 1.2973815229253211e-01
9.6689909027625998e-01 1.2947486189586613e-01
9.6692590094927200e-01 1.2882047922175174e-01
9.6695253120678182e-01 1.2816900440510745e-01
9.6697898196173049e-01 1.2752042318586373e-01
9.6690631083688694e-01 1.2727021357314619e-01
9.6693240994968610e-01 1.2662729589272920e-01
9.6695833276724230e-01 1.2598722149629801e-01
9.6688470972442075e-01 1.2574697197904877e-01
9.6691028873252349e-01 1.2511243769014141e-01
9.6693569456873574e-01 1.2448069766982119e-01
9.6696092809471967e-01 1.2385173844545166e-01
9.6688620185986318e-01 1.2362385727568606e-01
9.6691110137610936e-01 1.2300028376011651e-01
9.6693583160283370e-01 1.2237944361090883e-01
9.6686018259608342e-01 1.2216099809950429e-01
9.6688458616913142e-01 1.2154542763844453e-01
9.6690882339561146e-01 1.2093254431750029e-01
9.6693289508961655e-01 1.2032233539529004e-01
9.6685618093249726e-01 1.2011559245182681e-01
9.6687993518534732e-01 1.1951050794627568e-01
9.6690352675352853e-01 1.1890805308478014e-01
9.6682591668943429e-01 1.1871025610339078e-01
9.6684919773201961e-01 1.1811281649391737e-01
9.6687231886565073e-01 1.1751796289074962e-01
9.6689528086023924e-01 1.1692568323243116e-01
9.6681664087513919e-01 1.1673896607983712e-01
9.6683930101336735e-01 1.1615156485552754e-01
9.6686180469996053e-01 1.1556669530552191e-01
9.6678229356427547e-01 1.1538846647325555e-01
9.6680450190246214e-01 1.1480837254307047e-01
9.6682655640949755e-01 1.1423076905460471e-01
9.6684845781420825e-01 1.1365564457934230e-01
9.6676794938607902e-01 1.1348791259000383e-01
9.6678956360835266e-01 1.1291743475520707e-01
9.6681102726673152e-01 1.1234939597274540e-01
9.6683234106838545e-01 1.1178378514771829e-01
9.6675085309878006e-01 1.1162623520735054e-01
9.6677188761739308e-01 1.1106514619729278e-01
9.6679277473891467e-01 1.1050644640575703e-01
9.6671045089214980e-01 1.1035672532606004e-01
9.6673106466080416e-01 1.0980245354726349e-01
9.6675153343226261e-01 1.0925053317604941e-01
9.6677185787691844e-01 1.0870095368499702e-01
9.6668858343295860e-01 1.0856088793138059e-01
9.6670864197647910e-01 1.0801561861090490e-01
9.6672855851974271e-01 1.0747265349825583e-01
9.6674833371373103e-01 1.0693198236554950e-01
9.6666412447165451e-01 1.0680128700105769e-01
9.6668364097870707e-01 1.0626481190365110e-01
9.6670301839252404e-01 1.0573059520893403e-01
9.6661800431275957e-01 1.0560713341996314e-01
9.6663712845552596e-01 1.0507702699188812e-01
9.6665611570763110e-01 1.0454914422108152e-01
9.6667496668704522e-01 1.0402347538981045e-01
9.6658904347479879e-01 1.0390890720084650e-01
9.6660764799808185e-01 1.0338724073863272e-01
9.6662611838550450e-01 1.0286775449261820e-01
9.6664445523758902e-01 1.0235043901471516e-01
9.6655763695242636e-01 1.0224450603075554e-01
9.6657573395108809e-01 1.0173108834082650e-01
9.6659369948798790e-01 1.0121980867958312e-01
9.6650610362857592e-01 1.0112057098923054e-01
9.6652383426896082e-01 1.0061311052705163e-01
9.6654143547318272e-01 1.0010775610167369e-01
9.6655890781205844e-01 9.9604498724774476e-02
9.6647043961802803e-01 9.9513463886382547e-02
9.6648768330605561e-01 9.9013926713107533e-02
9.6650480009525863e-01 9.8516455516211243e-02
9.6652179054072973e-01 9.8021041550717808e-02
9.6643246251643677e-01 9.7937974826217022e-02
9.6644923036666097e-01 9.7446185043415082e-02
9.6646587378278426e-01 9.6956422306108292e-02
9.6637579206839175e-01 9.6879563362724949e-02
9.6639221743553527e-01 9.6393352651546749e-02
9.6640852023505075e-01 9.5909139473372082e-02
9.6642470099523237e-01 9.5426915498595569e-02
9.6633377956666766e-01 9.5357631962422126e-02
9.6634974801341667e-01 9.4878869006566530e-02
9.6636559623408735e-01 9.4402066571320387e-02
9.6638132474277061e-01 9.3927216547202999e-02
9.6628957470956345e-01 9.3865294818999731e-02
9.6630509646972007e-01 9.3393817480634619e-02
9.6632050027985539e-01 9.2924264670665710e-02
9.6622801740606823e-01 9.2868108545911709e-02
9.6624321864567031e-01 9.2401862041324501e-02
9.6625830365830034e-01 9.1937512790454048e-02
9.6627327293381537e-01 9.1475053059954153e-02
9.6617997921499621e-01 9.1425901498067869e-02
9.6619475119731379e-01 9.0966664250443849e-02
9.6620940911751563e-01 9.0509289998662035e-02
9.6622395345259893e-01 9.0053771208952901e-02
9.6612985874338786e-01 9.0011429545542226e-02
9.6614421090905722e-01 8.9559051825507816e-02
9.6615845111826004e-01 8.9108503766941682e-02
9.6617257983557525e-01 8.8659778028882863e-02
9.6607769357027207e-01 8.8624057942444420e-02
9.6609163509403828e-01 8.8178394182822528e-02
9.6610546670985209e-01 8.7734527641904592e-02
9.6600987191984167e-01 8.7704034436926898e-02
9.6602352007802361e-01 8.7263170437604023e-02
9.6603705987825350e-01 8.6824079086340461e-02
9.6605049176389390e-01 8.6386753372072758e-02
9.6595412034075501e-01 8.6362566952167250e-02
9.6596737349510498e-01 8.5928168608689112e-02
9.6598052024289227e-01 8.5495511988011544e-02
9.6599356101620282e-01 8.5064590254391406e-02
9.6589642130207576e-01 8.5046538660500159e-02
9.6590928793693720e-01 8.4618471224995440e-02
9.6592205006482046e-01 8.4192115396496972e-02
9.6593470810690940e-01 8.3767464508812867e-02
9.6583680807724659e-01 8.3755381275630023e-02
9.6584929644499562e-01 8.3333513637473239e-02
9.6586168215530555e-01 8.2913328272835193e-02
9.6576309350719314e-01 8.2905998145080997e-02
9.6577531289509932e-01 8.2488542633866305e-02
9.6578743102421427e-01 8.2072747194654919e-02
9.6579944829707387e-01 8.1658605451721281e-02
9.6570011177877901e-01 8.1656965647245186e-02
9.6571196697599238e-01 8.1245486129518790e-02
9.6572372267878914e-01 8.0835638683199484e-02
9.6573537927977926e-01 8.0427417087157727e-02
9.6563530191081504e-01 8.0431315339058299e-02
9.6564680056640673e-01 8.0025690173962286e-02
9.6565820144645431e-01 7.9621669791862346e-02
9.6566950493396031e-01 7.9219248121285044e-02
9.6556869341217855e-01 7.9228536940214409e-02
9.6557984297207899e-01 7.8828647677216798e-02
9.6559089643130624e-01 7.8430336597756931e-02
9.6560185416356714e-01 7.8033597775259436e-02
9.6550031487585841e-01 7.8048134278837819e-02
9.6551112258973248e-01 7.7653865550979945e-02
9.6552183583524909e-01 7.7261149073829652e-02
9.9599121085869025e-01 1.8105497623628265e-02
9.6543019400963803e-01 7.6889624810644652e-02
9.6544066693748853e-01 7.6500864232056848e-02
9.6545104698812667e-01 7.6113630616536393e-02
9.6534812097181888e-01 7.6137408935632450e-02
9.6535835766550704e-01 7.5752539157732265e-02
9.6536850268400598e-01 7.5369177225248538e-02
9.6537855637660064e-01 7.4987317592772190e-02
9.6527491790507036e-01 7.5015974326112567e-02
9.6528483186785241e-01 7.4636420666099199e-02
9.6529465567642314e-01 7.4258350664754752e-02
9.6530438967183851e-01 7.3881758905134584e-02
9.6520004404301929e-01 7.3915167130337078e-02
9.6520964184049263e-01 7.3540824980993347e-02
9.6521915096714750e-01 7.3167942893244464e-02
9.6522857175606713e-01 7.2796515574668944e-02
9.6512352400183921e-01 7.2834552256515750e-02
9.6513281203260648e-01 7.2465319639273273e-02
9.6514201283955514e-01 7.2097524057759751e-02
9.6515112674804127e-01 7.1731160340286260e-02
9.6504538164250597e-01 7.1773706197607340e-02
9.6505436614360918e-01 7.1409483677987703e-02
9.6506326483264682e-01 7.1046675721678595e-02
9.6507207802748363e-01 7.0685277274072728e-02
9.6496564009488217e-01 7.0732216652106633e-02
9.6497432714702469e-01 7.0372907258428777e-02
9.6498292976470923e-01 7.0014990491999524e-02
9.9537279740930940e-01 2.8378824505729393e-02
9.6488432178083239e-01 6.9709682159754649e-02
9.6489271731339854e-01 6.9355191304954905e-02
9.6490102975602887e-01 6.9002071661249512e-02
9.9315084536447040e-01 3.5730339665409490e-03
9.6480144843641680e-01 6.8705711751480311e-02
9.6480955823229753e-01 6.8355947157910935e-02
9.6481758625070035e-01 6.8007532863351261e-02
9.9517811471205120e-01 3.1972256046789174e-02
9.6471704113320267e-01 6.7719924612937729e-02
9.6472487083343772e-01 6.7374796240006293e-02
9.6473262003757054e-01 6.7030997742819759e-02
9.9507468507448826e-01 3.3474519603019129e-02
9.6463112029873233e-01 6.6751949761031840e-02
9.6463867540697645e-01 6.6411369735559916e-02
9.6464615127035658e-01 6.6072099636699674e-02
9.9336154142921995e-01 7.0047301267075254e-03
9.6454370573619219e-01 6.5801425732839369e-02
9.6455099162301094e-01 6.5465308282023155e-02
9.6455819948697763e-01 6.5130481268662735e-02
9.9389584987009860e-01 1.2358195052106920e-02
9.6445481664330823e-01 6.4868000286399857e-02
9.6446183855031464e-01 6.4536261673253784e-02
9.6446878362813182e-01 6.4205794454745724e-02
9.9476442336369963e-01 3.9183044071972747e-02
9.6436447163051120e-01 6.3951330112832092e-02
9.6437123467434693e-01 6.3623888574013507e-02
9.6437792205515271e-01 6.3297699820205083e-02
9.9460644564330059e-01 3.4296133518921718e-02
9.6427268873839822e-01 6.3051080559294800e-02
9.6427919791456884e-01 6.2727856245202135e-02
9.6428563256717958e-01 6.2405866527006172e-02
9.9454640902422542e-01 4.1653953814143961e-02
9.6417948545452425e-01 6.2166925362313684e-02
9.6418574564109261e-01 6.1847840279366392e-02
9.6419193241766632e-01 6.1529972011492705e-02
9.9350429903566473e-01 1.4862312458258678e-02
9.6408487872955140e-01 6.1298546391031550e-02
9.6409089469069498e-01 6.0983524346037189e-02
9.6409683833026338e-01 6.0669701731788067e-02
9.9432691357694891e-01 4.3710697287397994e-02
9.6398888499278290e-01 6.0445633399954041e-02
9.6399466138222478e-01 6.0134599946470177e-02
9.6400036651409415e-01 5.9824748924521449e-02
9.9414284912120443e-01 3.5836464279468780e-02
9.6389152016711055e-01 5.9607883790784771e-02
9.6389706153142374e-01 5.9300766177400280e-02
9.6390253267845527e-01 5.8994814370477815e-02
9.9406511533500774e-01 3.9033407451665267e-02
9.6379279968339826e-01 5.8785002382966960e-02
9.6379811046519381e-01 5.8481729503414841e-02
9.6380335204696610e-01 5.8179606168789179e-02
9.9399849310501864e-01 4.7808421555797287e-02
9.6369273849432668e-01 5.7976701192564435e-02
9.6369782303532614e-01 5.7677203537596478e-02
9.6370283937118484e-01 5.7378839519321989e-02
9.9388840092822373e-01 4.8396426185039393e-02
9.6359135108772087e-01 5.7182699219133902e-02
9.6359621363172154e-01 5.6886908830079838e-02
9.6360100894372147e-01 5.6592236512905653e-02
9.9377637271273012e-01 4.7808199851211736e-02
9.6348865149938301e-01 5.6402722240252778e-02
9.6349329619511825e-01 5.6110572664198159e-02
9.6349787461086178e-01 5.5819525929082243e-02
9.9340239572749134e-01 3.1338962816376499e-02
9.6338465332545153e-01 5.5636502613389725e-02
9.6338908422935121e-01 5.5347928859903923e-02
9.6339344978472707e-01 5.5060443041066463e-02
9.9355883886860474e-01 5.1484708138306377e-02
9.6327936973430428e-01 5.4883779084813275e-02
9.6328359081315817e-01 5.4598717584170342e-02
9.6328774745498680e-01 5.4314729427620827e-02
9.8742532348314027e-01 9.8639771112919776e-05
9.6317281347802430e-01 5.4144296605255847e-02
9.6317682861155574e-01 5.3862685168079877e-02
9.6318078020014120e-01 5.3582132791565033e-02
9.6318466845028561e-01 5.3302636168023429e-02
9.6306499690345004e-01 5.3417806152050946e-02
9.6306880988679844e-01 5.3139583930337818e-02
9.6307256019839449e-01 5.2862406784645419e-02
9.6307624804065539e-01 5.2586271471665280e-02
9.6295593196282081e-01 5.2704064557490188e-02
9.6295954650894122e-01 5.2429172006943567e-02
9.6296309923813173e-01 5.2155310838517981e-02
9.6296659034883048e-01 5.1882477871600996e-02
9.9309229484628525e-01 5.5025497554117501e-02
9.6284904996601850e-01 5.1731213186781283e-02
9.6285240872801892e-01 5.1460610001586991e-02
9.6285570670460185e-01 5.1191021668024125e-02
9.9298265048198131e-01 5.6126087337107014e-02
9.6273733137385720e-01 5.1045476752884615e-02
9.6274049970673659e-01 5.0778074781484155e-02
9.6274360806998238e-01 5.0511674585678124e-02
9.9242722339995215e-01 3.1275344870078610e-02
9.6262440148553574e-01 5.0371737329161566e-02
9.6262738285236604e-01 5.0107480992943182e-02
9.6263030504851821e-01 4.9844213622886199e-02
9.9268570918700016e-01 4.6030519956439149e-02
9.6251027070050621e-01 4.9709774732354030e-02
9.6251306849143869e-01 4.9448609610879705e-02
9.6251580789426749e-01 4.9188420905729016e-02
9.9265367586239006e-01 5.8168065301195886e-02
9.6239494907338963e-01 4.9059373829034164e-02
9.6239756660766318e-01 4.8801246628454489e-02
9.6240012652045925e-01 4.8544083547175869e-02
9.6240262899109974e-01 4.8287881705970565e-02
9.9251687867808702e-01 5.9483225110827723e-02
9.6228088685034174e-01 4.8165182919938945e-02
9.6228327050784468e-01 4.7910993510967240e-02
9.6228559747090636e-01 4.7657753344695124e-02
9.9240745956263920e-01 6.0622880331603859e-02
9.6216303854248997e-01 4.7540214108190079e-02
9.6216524911275225e-01 4.7288947480074402e-02
9.6216740372124965e-01 4.7038618335842733e-02
9.9229518581739262e-01 5.9159592503763618e-02
9.6204403068866706e-01 4.6926140436561639e-02
9.6204607127485919e-01 4.6677746729554673e-02
9.6204805661731452e-01 4.6430278980058269e-02
9.9218859121078729e-01 6.2278070779162531e-02
9.6192387198253226e-01 4.6322766645079769e-02
9.6192574562468880e-01 4.6077197003637146e-02
9.6192756472686569e-01 4.5832542019849161e-02
9.6192932945470799e-01 4.5588799030412942e-02
9.9205190037249080e-01 6.3529128333635970e-02
9.6180428049084410e-01 4.5487108396876703e-02
9.6180593631742572e-01 4.5245218521606893e-02
9.6180753845648470e-01 4.5004229609669925e-02
9.9194242957201506e-01 6.3886577955219043e-02
9.6168168390698872e-01 4.4907295239223544e-02
9.6168317936320225e-01 4.4668123761515369e-02
9.6168462180522940e-01 4.4429842430163957e-02
9.9183323135374180e-01 6.4987172888784833e-02
9.6155796361858326e-01 4.4337575984864479e-02
9.6155930155177283e-01 4.4101077115192615e-02
9.6156058713097703e-01 4.3865457783590307e-02
9.9172395166679961e-01 6.5783701619989837e-02
9.6143312708938611e-01 4.3777773104687653e-02
9.6143431029053583e-01 4.3543901950935437e-02
9.6143544178509710e-01 4.3310899930460847e-02
9.6143652172640881e-01 4.3078764574498572e-02
9.9154115835167078e-01 5.7259371576603497e-02
9.6130821271293865e-01 4.2996425526426310e-02
9.6130919284647243e-01 4.2765996997555282e-02
9.6131012205892930e-01 4.2536424970231426e-02
9.9144791518153386e-01 5.9916776021309924e-02
9.6118101568448733e-01 4.2458478888778343e-02
9.6118184712746424e-01 4.2230580878678634e-02
9.6118262826942968e-01 4.2003529399708479e-02
9.9136904476824839e-01 6.8430290070864402e-02
9.6105272580854884e-01 4.1929896777796426e-02
9.6105341117967036e-01 4.1704487138611655e-02
9.6105404685803764e-01 4.1479914247979990e-02
9.6105463298842342e-01 4.1256175772688038e-02
9.9122998610291557e-01 6.7513604882836087e-02
9.6092389129948352e-01 4.1187554920131778e-02
9.6092438407099945e-01 4.0965419457182045e-02
9.6092482788873701e-01 4.0744108850440747e-02
9.9112375192534663e-01 7.0765839883395229e-02
9.6079329353345622e-01 4.0679626853999437e-02
9.6079364590600547e-01 4.0459888437155894e-02
9.6079394990780231e-01 4.0240965495299257e-02
9.9079483984363492e-01 5.0389898300248939e-02
9.6066162368348229e-01 4.0180548971796327e-02
9.6066183811733075e-01 3.9963167978899407e-02
9.6066200475254737e-01 3.9746593253407250e-02
9.6066212372597382e-01 3.9530822587727790e-02
9.9060115237280855e-01 4.8923379049724332e-02
9.6052896622079886e-01 3.9475108170753011e-02
9.6052899789264734e-01 3.9260842949300170e-02
9.6052898246183394e-01 3.9047372786827711e-02
9.9076947143608995e-01 7.3278090506270613e-02
9.6039503549857330e-01 3.8995562317216619e-02
9.6039493456527936e-01 3.8783568605292036e-02
9.6039478707811976e-01 3.8572361116128981e-02
9.9066069233478793e-01 7.4676761178858964e-02
9.9045063804602096e-01 5.4726137586733566e-02
9.6025981977971397e-01 3.8314627363379816e-02
9.6025954254048940e-01 3.8105645413721086e-02
9.6025921941559689e-01 3.7897438920324412e-02
9.9052231875416230e-01 7.3350673731112440e-02
9.6012365832174817e-01 3.7853879409584117e-02
9.6012325359221429e-01 3.7647086544518482e-02
9.6012280350369583e-01 3.7441060651789281e-02
9.9041576916684204e-01 7.6408938552561478e-02
9.9038858720291290e-01 7.6740455868838472e-02
9.5998592475842526e-01 3.7196548327453061e-02
9.5998534991700113e-01 3.6992667395196487e-02
9.5998473035844323e-01 3.6789543088276595e-02
9.9027980414221251e-01 7.7554829184013199e-02
9.5984756035021213e-01 3.6753897464916849e-02
9.5984686292637988e-01 3.6552126495394015e-02
9.5984612129111901e-01 3.6351104001692655e-02
9.9017103730197442e-01 7.8288489027220728e-02
9.5970816446858187e-01 3.6319003474375208e-02
9.5970734659360246e-01 3.6119308096669460e-02
9.5970648500382416e-01 3.5920353190080502e-02
9.5970557981945770e-01 3.5722136810771583e-02
9.9003478621372831e-01 7.8638555222895409e-02
9.5956680477513501e-01 3.5694085076911491e-02
9.5956582531495704e-01 3.5497164139646535e-02
9.5956480274598321e-01 3.5300973897774389e-02
9.8992629606043736e-01 7.9747537435567395e-02
9.5942524112579797e-01 3.5276332983783416e-02
9.5942414584219515e-01 3.5081412991717853e-02
9.5942300792697144e-01 3.4887216000734196e-02
9.5942182749603599e-01 3.4693740135303651e-02
9.8979077328512766e-01 8.1632361268575565e-02
9.5928145000600051e-01 3.4672978481275450e-02
9.5928019874683679e-01 3.4480742430941541e-02
9.5927890543883976e-01 3.4289219976141073e-02
9.8965706492249972e-01 7.4251845694733712e-02
9.5913774103300142e-01 3.4271741877352997e-02
9.5913637839702670e-01 3.4081435019993063e-02
9.5913497417091009e-01 3.3891834358927390e-02
9.5913352846646560e-01 3.3702938083692659e-02
9.8954650685588574e-01 8.3404531970808632e-02
9.5899154987926127e-01 3.3689178062377263e-02
9.5899003665981342e-01 3.3501468124427183e-02
9.5898848241094059e-01 3.3314455329345204e-02
9.8233897649192703e-01 2.6898802366692848e-03
9.8598445846559235e-01 1.5101198415196908e-02
9.5884409568732643e-01 3.3118008507708373e-02
9.5884243477769082e-01 3.2932848779924015e-02
9.5884073338766396e-01 3.2748377327985072e-02
9.8926314104828472e-01 7.5096107623241301e-02
9.5869715385242738e-01 3.2741345084489969e-02
9.5869538813331778e-01 3.2558008529222672e-02
9.5869358236562663e-01 3.2375353279966941e-02
9.8919403704656872e-01 8.6370514313927976e-02
9.8916686812869936e-01 8.6196406481863164e-02
9.5854734486527415e-01 3.2189826947514134e-02
9.5854543653219215e-01 3.2008958630497665e-02
9.5854348867913108e-01 3.1828763078723295e-02
9.8905853835671498e-01 8.7226576662986888e-02
9.5839830718462227e-01 3.1828198631389963e-02
9.5839629806771598e-01 3.1649088467744842e-02
9.5839424984637622e-01 3.1470644359530127e-02
9.8887822759931077e-01 7.4153799166060685e-02
9.8856485645841063e-01 5.8656072054443981e-02
9.5824616897954318e-01 3.1295640046129378e-02
9.5824402213445625e-01 3.1118919195514291e-02
9.5824183669408680e-01 3.0942856170346644e-02
9.8880988617968968e-01 8.5579883446385993e-02
9.8878779390914684e-01 8.9617351915258686e-02
9.5809280735111146e-01 3.0773487427094112e-02
9.5809052540244954e-01 3.0599113478095120e-02
9.5808820535734496e-01 3.0425389289321661e-02
9.8867947330611528e-01 9.0072985926373875e-02
9.5794060713674378e-01 3.0434250957776118e-02
9.5793823036000958e-01 3.0261538928986666e-02
9.5793581587867704e-01 3.0089470329742442e-02
9.8855667847981055e-01 8.4720792445383677e-02
9.8854427267021272e-01 9.1399426033120054e-02
9.5778495301451039e-01 2.9930036888937188e-02
9.5778244574297500e-01 2.9759597271079161e-02
9.5777990124763479e-01 2.9589793306119588e-02
9.8843466972672578e-01 9.0354372645258002e-02
9.8840908743469136e-01 9.2644095892545505e-02
9.5762809620899003e-01 2.9435676876649497e-02
9.5762546092006429e-01 2.9267469615106019e-02
9.5762278887855234e-01 2.9099890382932418e-02
9.8830096796146283e-01 9.3570381460978430e-02
9.5747276837614059e-01 2.9117617825420661e-02
9.5747004388026413e-01 2.8950981610936819e-02
9.5746728300165451e-01 2.8784967447238061e-02
9.8398995862157645e-01 1.4778758113686339e-02
9.8795039644841898e-01 7.0009363792671003e-02
9.5731365104483113e-01 2.8640240258151768e-02
9.5731080288414860e-01 2.8475766013296155e-02
9.5730791879518840e-01 2.8311906463982774e-02
9.8805780538608612e-01 9.5279935297187826e-02
9.8743532622365848e-01 5.6706854694196861e-02
9.5715334926307283e-01 2.8172199272328224e-02
9.5715037977873663e-01 2.8009849125709224e-02
9.5714737481167667e-01 2.7848106461862289e-02
9.8412715033672415e-01 1.7955129404384346e-02
9.5699492272319620e-01 2.7874182197915553e-02
9.5699186934360214e-01 2.7713317184826142e-02
9.5698878083070593e-01 2.7553054003316171e-02
9.8779366179751893e-01 8.9186916282825365e-02
9.8778072482802881e-01 9.2824714045763215e-02
9.5683238790046587e-01 2.7422227740313859e-02
9.5682921731259940e-01 2.7263420241197253e-02
9.5682601202139406e-01 2.7105207610615748e-02
9.8722486415276234e-01 6.3266806708111689e-02
9.8765298795855272e-01 9.8752921202193630e-02
9.5666868449685027e-01 2.6979124346484900e-02
9.5666539891558378e-01 2.6822338514664021e-02
9.5666207905265577e-01 2.6666140721059817e-02
9.8754457225258307e-01 9.8268958832746153e-02
9.8493665877839454e-01 2.8695934796587174e-02
9.5650381802561546e-01 2.6544705134265718e-02
9.5650041962309296e-01 2.6389905808408533e-02
9.5649698735250577e-01 2.6235687819920174e-02
9.8538322820805990e-01 3.5006476042496716e-02
9.8715178319257735e-01 7.4561978984711244e-02
9.5633779372940719e-01 2.6118806874593475e-02
9.5633428463615633e-01 2.5965959561032311e-02
9.5633074208055624e-01 2.5813687010305723e-02
9.8727558915793456e-01 1.0170332246182733e-01
9.5617420113490359e-01 2.5852768664294146e-02
9.5617061658555946e-01 2.5701269899482137e-02
9.5616699889156920e-01 2.5550340755074428e-02
9.8716783209667380e-01 1.0245183250497057e-01
9.8212909771297241e-01 1.4009471437380780e-02
9.5600598280270122e-01 2.5441545464856431e-02
9.5600229131120817e-01 2.5291938012966642e-02
9.5599856706697395e-01 2.5142893828475819e-02
9.8703276716875044e-01 1.0247409681535373e-01
9.8700112625279146e-01 9.9673560580115325e-02
9.5583661878249648e-01 2.5038407253221096e-02
9.5583282236821965e-01 2.4890658404904942e-02
9.5582899358575601e-01 2.4743466588884256e-02
9.8689861796947120e-01 1.0460090524176983e-01
9.8582225371680210e-01 5.2818527745284581e-02
9.5566611332330842e-01 2.4643203916657780e-02
9.5566221396793671e-01 2.4497281567538443e-02
9.5565828262175967e-01 2.4351910130698949e-02
9.8676406828862784e-01 1.0551322022690054e-01
9.8673718565013657e-01 1.0581416691736475e-01
9.5549447042724833e-01 2.4255788579284510e-02
9.5549047007575238e-01 2.4111661214710801e-02
9.5548643810383171e-01 2.3968078754757791e-02
9.8656618754357106e-01 9.2189900101432590e-02
9.7776383940647671e-01 3.7684322747794105e-03
9.5532169385395216e-01 2.3876017523400364e-02
9.5531759441551345e-01 2.3733654203653674e-02
9.5531346372019665e-01 2.3591829890572472e-02
9.8649476090860699e-01 1.0672174171771637e-01
9.8639924991394379e-01 9.2770206350825946e-02
9.5514778712485071e-01 2.3503750113305893e-02
9.5514359047376207e-01 2.3363120459245688e-02
9.5513936292267121e-01 2.3223024021024188e-02
9.8635990420487007e-01 1.0721010527653263e-01
9.8633400183048647e-01 1.0930214188352387e-01
9.5497275352727951e-01 2.3138848721530825e-02
9.5496846150382009e-01 2.2999922900662485e-02
9.8625339700890768e-01 1.0967313305963954e-01
9.8622477763443051e-01 1.0758717937508815e-01
9.8619335419014309e-01 1.0552153155665137e-01
9.5479659611843681e-01 2.2781178657380743e-02
9.5479221052972063e-01 2.2643927370331565e-02
9.8611916127683152e-01 1.1098909099933868e-01
9.8588083016907158e-01 8.4644751785755007e-02
9.8606397917950250e-01 1.0908278170671072e-01
9.5461931772919317e-01 2.2430608097725534e-02
9.5461484034999233e-01 2.2295002565114783e-02
9.8598006619911094e-01 1.0779917112123337e-01
9.8593753707475662e-01 1.0356266275208249e-01
9.8593114990251762e-01 1.1180222481380461e-01
9.5444092096775812e-01 2.2087008019951025e-02
9.5443635354130218e-01 2.1953019969640643e-02
9.8585017884606119e-01 1.1162233755446906e-01
9.8279828131163782e-01 3.1814378667291712e-02
9.8512699938961679e-01 6.8430941441221152e-02
9.5426140822320615e-01 2.1750252137001453e-02
9.5425675246195896e-01 2.1617853791714041e-02
9.8571669360070047e-01 1.1395412479999741e-01
9.8568989278778496e-01 1.1424974330567417e-01
9.8566309557268550e-01 1.1463557451212709e-01
9.5408078166887178e-01 2.1420216834440634e-02
9.5407603925528428e-01 2.1289380899732771e-02
9.8557503953105707e-01 1.0987787307658463e-01
9.8528587234309706e-01 8.5167358564582629e-02
9.8552897900696479e-01 1.1512866937927813e-01
9.5389904326561059e-01 2.1096781109465657e-02
9.5389421585285350e-01 2.0967480762044050e-02
9.8543991714730172e-01 1.1053564974501831e-01
9.8542188265055541e-01 1.1630565077567512e-01
9.8538247503346266e-01 1.0979626907476628e-01
9.5371619476493730e-01 2.0779826511805159e-02
9.5371128397761196e-01 2.0652035388174037e-02
9.7546182708448659e-01 3.8819286477944455e-03
9.8528639674029539e-01 1.1515882619816045e-01
9.8525230031132638e-01 1.1195442591987928e-01
9.5353223771203965e-01 2.0469237086442531e-02
9.5352724514686849e-01 2.0342929271872198e-02
9.5352222461793579e-01 2.0217106986307850e-02
9.8515412861426865e-01 1.1870502041042380e-01
9.8512456589662700e-01 1.1560878799595296e-01
9.5334717344867526e-01 2.0164899318101139e-02
9.5334210067517311e-01 2.0040049335905492e-02
9.5333700023603685e-01 1.9915680036657966e-02
9.8107368237309034e-01 2.7519246874474788e-02
9.8499341336900426e-01 1.1925015101709237e-01
9.5316100311595231e-01 1.9866702077435530e-02
9.5315585167707895e-01 1.9743284878549650e-02
9.5315067286553401e-01 1.9620343599736651e-02
9.8445727118699022e-01 8.2491369534631667e-02
9.8485982440340558e-01 1.2101049089704900e-01
9.5297372765699906e-01 1.9574536568872088e-02
9.5296849906979275e-01 1.9452527521719141e-02
9.5296324339782790e-01 1.9330989713114401e-02
9.8442146409173270e-01 8.7641832000227515e-02
9.8472613847550794e-01 1.2207891874937229e-01
9.5278534781952662e-01 1.9288296280045674e-02
9.5278004357571988e-01 1.9167671160684310e-02
9.5277471253013080e-01 1.9047512677913742e-02
9.8461920536431113e-01 1.2270802789194155e-01
9.8218568335438283e-01 4.3889036531066870e-02
9.5259586415828379e-01 1.9007876932781886e-02
9.5259048572490368e-01 1.8888611915323747e-02
9.5258508076788806e-01 1.8769809010332230e-02
9.8446471977110483e-01 1.1482642688444937e-01
9.8444682159130115e-01 1.1721986436509892e-01
9.8371604296241166e-01 7.5611505923508404e-02
9.5239982585736183e-01 1.8615248082864189e-02
9.5239434842710069e-01 1.8497777394641490e-02
9.8435211162924596e-01 1.2511753251743954e-01
9.8432540539316626e-01 1.2521847580823281e-01
9.8429757678613805e-01 1.2339590889501731e-01
9.5220806412532732e-01 1.8347480092058489e-02
9.5220251563654723e-01 1.8231318637618718e-02
9.8117243367106644e-01 3.8591420233766029e-02
9.8419151972557761e-01 1.2510226792989670e-01
9.7113771777011548e-01 1.2376479140775191e-03
9.5201520049539134e-01 1.8085210458759011e-02
9.5200958233991284e-01 1.7970335624363343e-02
9.5200393852268728e-01 1.7855908871089541e-02
9.8383589907166558e-01 9.8267484343606340e-02
9.8402763444297681e-01 1.2346372095084671e-01
9.5182123475055236e-01 1.7828343742840768e-02
9.5181554829782422e-01 1.7714733275456473e-02
9.5180983644238704e-01 1.7601566673240539e-02
9.8392340451957383e-01 1.2580722873560318e-01
9.8284421080041728e-01 7.0013345139246744e-02
9.5162616649217713e-01 1.7576786506432504e-02
9.5162041308979417e-01 1.7464418505421329e-02
9.5161463453943118e-01 1.7352490223182901e-02
9.8365654218830667e-01 1.0629713536187271e-01
9.7448091508340795e-01 7.6741572265948098e-03
9.8351076639304391e-01 1.0020744915155290e-01
9.5142417611607977e-01 1.7219300182444209e-02
9.5141833219282046e-01 1.7108588731936554e-02
9.8365857718357874e-01 1.3026148884932082e-01
9.8363198277045349e-01 1.3091274136346967e-01
9.8360526409105165e-01 1.3056319489486776e-01
9.5122683659945351e-01 1.6979289089317961e-02
9.5122092860455976e-01 1.6869773317290129e-02
9.5121499601061210e-01 1.6760688318460927e-02
9.8349878450821859e-01 1.3174009211904500e-01
9.8347205112954583e-01 1.3148524004788445e-01
9.5102839358689195e-01 1.6744297885569904e-02
9.5102242280133431e-01 1.6635956966135543e-02
9.5101642765830885e-01 1.6528042885705641e-02
9.8154142808538070e-01 5.8216614406464050e-02
9.8333905316123660e-01 1.3325556996054602e-01
9.8127266249920830e-01 5.5177746035950569e-02
9.5082281363610455e-01 1.6407054497945581e-02
9.5081675720120451e-01 1.6300290893621425e-02
9.8323258269897063e-01 1.3386498413551723e-01
9.7425372264748711e-01 9.6912128938522902e-03
9.8316758243233149e-01 1.2726979074795938e-01
9.5062209978962164e-01 1.6182982529360460e-02
9.5061598330075558e-01 1.6077349270226551e-02
9.5060984297552986e-01 1.5972134353666075e-02
9.8251870519776863e-01 8.9652515329998447e-02
9.8298913979110036e-01 1.1979272305264688e-01
9.5042027977186783e-01 1.5963659439848763e-02
9.5041410444808694e-01 1.5859136699351593e-02
9.5040790551724852e-01 1.5755028565739338e-02
9.8293997748523976e-01 1.3598782538018228e-01
9.7613688213610583e-01 1.8313755451124986e-02
9.8288454806921910e-01 1.3361984499703097e-01
9.5021111896534438e-01 1.5645573587527075e-02
9.5020486262582882e-01 1.5542552767418005e-02
9.5019858295301463e-01 1.5439942085011345e-02
9.8265252167395856e-01 1.1428328040735154e-01
9.8275385950656147e-01 1.3719589311882180e-01
9.5000702500697476e-01 1.5436582031878202e-02
9.5000071243777762e-01 1.5334629345479921e-02
9.4999437675661003e-01 1.5233083190010727e-02
9.8264709620771484e-01 1.3709273417031984e-01
9.8256221447910230e-01 1.2277001737105978e-01
9.8259457268344064e-01 1.3885653451908969e-01
9.4979545292351386e-01 1.5131182339711812e-02
9.4978906239192917e-01 1.5030681871552027e-02
9.8251494230187997e-01 1.3984673720908394e-01
9.6803113906088911e-01 1.3588657934883734e-03
9.8240688348611682e-01 1.2451422352014833e-01
9.4958908188849933e-01 1.4932137412897548e-02
9.4958263764735862e-01 1.4832664068168827e-02
9.4957617077243694e-01 1.4733589451619662e-02
9.7773754193357698e-01 3.2814990440524897e-02
9.8223483977619508e-01 1.2081263859548830e-01
9.8230234180552911e-01 1.4044222546972446e-01
9.4937510014777005e-01 1.4638957306190593e-02
9.4936858089779930e-01 1.4540888089864193e-02
9.8221553144571494e-01 1.3622909396931507e-01
9.7879803218887917e-01 4.4056927665245063e-02
9.8110007210881633e-01 7.9977477871087874e-02
9.4916644735550593e-01 1.4449490671695415e-02
9.4915987683502956e-01 1.4352408878455019e-02
9.4915328414280020e-01 1.4255718272089695e-02
9.7595017571704412e-01 2.4278633012335814e-02
9.8203738121283923e-01 1.4356744434268168e-01
9.8169602353739471e-01 1.0733421310548352e-01
9.4895005586896664e-01 1.4168082692856500e-02
9.4894341319807562e-01 1.4072358475937762e-02
9.6645893919837411e-01 9.9629843960871755e-04
9.6712539278401921e-01 1.5503597907304816e-03
9.8055131772375814e-01 7.5765897195681373e-02
9.4873911512405151e-01 1.3987841909116866e-02
9.4873242354444265e-01 1.3893066663644697e-02
9.4872571023964491e-01 1.3798675314045918e-02
9.8001793946672011e-01 6.8022531031926167e-02
9.8174585667312253e-01 1.4562569366437220e-01
9.8171939432703625e-01 1.4603416049608872e-01
9.4852031213159138e-01 1.3717776931138858e-02
9.4851355116923897e-01 1.3624314177084495e-02
9.8163995618357125e-01 1.4684478997551431e-01
9.8054279456020976e-01 8.3322397807832835e-02
9.8158698456317206e-01 1.4700036667653729e-01
9.4830707575066275e-01 1.3546424819606795e-02
9.4830026816772506e-01 1.3453873776096352e-02
9.4829343929135879e-01 1.3361699577200917e-02
9.8148103092113481e-01 1.4747288000700465e-01
9.8145465271509658e-01 1.4822454942168389e-01
9.8131336365018396e-01 1.2542109728373266e-01
9.4808585785392852e-01 1.3287291307016506e-02
9.4807898356933562e-01 1.3196009070348243e-02
9.4807208822252309e-01 1.3105099897451098e-02
9.7361878889231113e-01 1.8808175528112966e-02
9.8129538959100882e-01 1.4799796132239904e-01
9.7708481827356297e-01 4.0693295416366862e-02
9.4786339800241926e-01 1.3034098708120547e-02
9.4785645843928823e-01 1.2944062080002164e-02
9.8118983926501291e-01 1.4926414154972054e-01
9.7287166037429984e-01 1.6832909729098674e-02
9.7215739191663375e-01 1.4369012221091562e-02
9.4764667888228249e-01 1.2875908673728972e-02
9.4763969609178955e-01 1.2786728481767229e-02
9.4763269264920214e-01 1.2697914652907930e-02
9.7267732973771137e-01 1.6943143471538930e-02
9.7517245310814460e-01 2.9551973142689914e-02
9.8073328943660987e-01 1.1863107286321245e-01
9.4742179730265097e-01 1.2633040847816607e-02
9.4741475178850720e-01 1.2545064621797152e-02
9.8028846377912926e-01 1.0181223945784426e-01
9.6388051691390808e-01 6.9793108836293876e-04
9.7876956574259355e-01 6.7588561892956728e-02
9.6416799667512965e-01 9.2714036011896787e-04
9.4719567141359617e-01 1.2395787983928734e-02
9.4718856453239020e-01 1.2308993602387125e-02
9.8074077534149040e-01 1.5320184471086676e-01
9.8066244064082864e-01 1.3816078879030996e-01
9.8068811095521524e-01 1.5441270339826346e-01
9.4697544732480210e-01 1.2250029311058157e-02
9.4696830045311720e-01 1.2164038620754804e-02
9.4696113353902611e-01 1.2078404325120183e-02
